0	0.9083452287209312	0.8171256356548554	0.5826901043979013	0.6298508018481491	0.8054631650515129	0.9304657100554343	0.8695946864279143	0.8056671478579215	0.5510762645413851	0.37355225539682746	0.13201892041374574	0.7779367650207952	0.47543121011736644	0.23611880619302406	0.5014105781608517	0.5708223587243427	0.4706418797831182	0.4352104297399636	0.26758553246743944	0.4292571299576945	0.6239559605203443	0.30816739670383597	0.6176103752347568
1	0.8788153994933203	0.21048528599420102	0.17634722746438658	0.3925503148817685	0.3962904966399702	0.2208453110256644	0.44199360486947936	0.680594155054775	0.025361102612183495	0.5493447920825939	0.05116833712960167	0.9683888112817077	0.6203597903060005	0.07481174414480318	0.8324206094722486	0.13198568013355638	0.6560407362085312	0.12883719290250673	0.3038753305200077	0.764621994958666	0.7023758720742681	0.2651634817009836	0.030680085001449586
2	0.21063033991361046	0.7307920012221093	0.819139431586648	0.5102584953854594	0.20308968860018928	0.39189410692554905	0.47760943225851293	0.8645752259347649	0.18740210236428612	0.28460255620993125	0.9672996776491548	0.32662561069488516	0.2537989121900025	0.02276526902214837	0.013709137908050173	0.6226210414774905	0.09885099270116293	0.5976883771591862	0.9227089964116038	0.8718487996832726	0.5893780822423749	0.13366172103234308	0.4934990170321383
3	0.552942850908548	0.3117218752428692	0.6384384123793838	0.4842649231402466	0.4183101244826727	0.9551685257018857	0.7617605976150283	0.5208260990925009	0.9777143157388166	0.500376301622276	0.8924062959158977	0.16375818450209634	0.3175273647135388	0.9619842540243166	0.14786474346821188	0.830920555514019	0.573916318810301	0.8691483578292744	0.9406310042394502	0.41001385837626636	0.33624126222523765	0.7585716768365843	0.8412430392388053
4	0.6897382301574678	0.6211978551783253	0.7016657443108612	0.4005671674996367	0.18831810286947925	0.8287454433940543	0.2908000889327309	0.44247118607232305	0.5646044660053495	0.2676202523558474	0.5691677145097375	0.09290652521625942	0.5596617828250501	0.42124017450765616	0.10461445354169385	0.4725542021203265	0.33569036449767564	0.11406593691615241	0.7798504131631502	0.5475718113912762	0.15433237054342208	0.1339914224146581	0.8997816956034834
5	0.1066118582464175	0.5678529753077115	0.6680929830766287	0.9012717985367233	0.21216416403436134	0.6843851137274308	0.11707633871535261	0.2914614691959435	0.7604084776119713	0.6123703518288607	0.46801674221627365	0.43784647384817355	0.9761455005470776	0.8895247505128279	0.42549624479147397	0.4866332461480748	0.7680081550190606	0.5581029031074756	0.9279996920920868	0.9954623363841757	0.8740369018045923	0.5609294724023977	0.5094387202387992
6	0.8324102354966811	0.6388366344272463	0.30161240217586605	0.204931005872669	0.515250002864621	0.08091442402819293	0.5375476028509117	0.345469834747554	0.44327206277870324	0.632431384809422	0.2557695823313946	0.637876748786191	0.40853627135702375	0.5634835526508918	0.8193989977930596	0.3844377758171349	0.36424694978399896	0.6391606731791376	0.46638183777811903	0.5608821652481455	0.6750129880772506	1.338199324585343E-5	0.19241192643424354
7	0.7418690986146327	0.9770749884848091	0.605193286713295	0.15637219114487166	0.5399073591468164	0.33615242291713765	0.8324120851289707	0.009326864901671228	0.3066390217270232	0.6063834658335032	0.9899999188694771	0.9670408133282384	0.3346774650734331	0.765900589090392	0.5637246161964433	0.0211985496714987	0.693696838654315	0.5329058852989093	0.9946676106514871	0.4159402209214206	0.13622853121855483	0.7506794691763142	0.6643340977769626
8	0.4040271943782374	0.2166276825290081	0.8707754406671468	0.5493083885822249	0.3408955633373161	0.8809306066024233	0.3607297096126082	0.7001480516627011	0.37505058200062613	0.30583213859224556	0.015924580526685217	0.2978433042729638	0.3497011621397045	0.6917690819974787	0.964824947082488	0.546050694667217	0.04322792857960045	0.04810462153704631	0.6226218287454793	0.06844339712776693	0.5450246327344865	0.7476654568358085	0.9703887402514856
9	0.797902673868299	0.3884469845934023	0.7733919898972604	0.31517689586287767	0.5679085243017828	0.04404957957150768	0.13161912535210885	0.1210458141915498	0.746369440584269	0.5139853372006852	0.8645136051652778	0.5918456564860868	0.2882653931876461	0.06238861969201137	0.45845100407764006	0.4336385387937761	0.5258592723950672	0.5667576253458205	0.21562401724448788	0.627965975459823	0.8638662695399448	0.5817973457926414	0.3329306460898188
10	0.10673998342890934	0.3018527311051128	0.9698794297715818	0.015199655282876146	0.9353558610413872	0.36726910791611345	0.87122100599278	0.9390677013858343	0.9826948193342468	0.6099042008808127	0.8620793934712211	0.7793306235373669	0.08500490549805306	0.28218103202912914	0.38070502556620267	0.31134940603783134	0.39521927042505267	0.209597257206812	0.88849078911053	0.8110988695565902	0.950090603117712	0.14174581483282267	0.7777002463035838
11	0.0887049073439844	0.4845915553724638	0.06673469715837088	0.737353634466484	0.5118242490147766	0.1763505433025695	0.07045687615324947	0.14529480597895883	0.8019780852812635	0.3124635522594216	0.3270448698752533	0.06715871397409334	0.2199592403943963	0.8368417334607084	0.7179770511839583	0.6119031834093874	0.9956897296282816	0.3583258364617664	0.39468523459206095	0.7187648681983799	0.5034140052135989	0.47811859325769757	0.3231464762952523
12	0.931944339031506	0.7348706660087969	0.2296561599643553	0.4788245839447204	0.35702043993652655	0.08109291207452052	0.014860405556483713	0.8964593760887002	0.7870395882429211	0.2977469062910979	0.6677838729366279	0.2215851504807017	0.9364206783513721	0.7994235124233592	0.17997993697109893	0.7592917761498282	0.8272620107722631	0.10505803661423474	0.18150048243735273	0.2706258180258373	0.6353316992686567	0.33965967489414983	0.48724414002229266
13	0.928160545450638	0.7219681301833992	0.18679020904896726	0.8904482753782709	0.9096476483847395	0.1533129147978991	0.5817398139730768	0.9134382847421687	0.08229568109617336	0.7397435401177543	0.7371049278126519	0.41031793822384877	0.11010307168755706	0.5160685676622132	0.8004815547768064	0.7571049905094839	0.10280678325916703	0.6269934423482382	0.558244869386067	0.861886541763314	0.6173899285083251	0.782560126934753	0.11989394104503015
14	0.3808889173668195	0.4217249549941505	0.8047095571818901	0.4441980243089476	0.3359270693013434	0.9348116003089404	0.29881050094205974	0.901388848515668	0.794519012284378	0.6692014845569958	0.152944483043448	0.8049013329470028	0.3960208789553197	0.31858454299388883	0.39293128013961587	0.9916722860998278	0.2854588535547773	0.3571445225695288	0.9025247795124383	0.08176528927170235	0.4513040325363673	0.14717443777801154	0.6559046288215531
15	0.006097314080194427	0.5542570111353375	0.5875749849953118	0.4035341859221204	0.755300319867156	0.08117920207704843	0.2782421474925686	0.20265056908324142	0.07325950761910671	0.06162813748558682	0.023982916617979466	0.7900980635283671	0.995626747481499	0.6440240790323495	0.25648081919175736	0.5579113280527708	0.7166165234366397	0.5442964310449973	0.6139657024504142	0.811000301993462	0.2566490345783998	0.7519274682256158	0.4856253733390067
16	0.061483737679212225	0.7989126010874049	0.9066324476690009	0.8014290413911832	0.3456640687655369	0.36467616836016414	0.4434846546677397	0.7279155937753353	0.9373310377187041	0.7051897280597376	0.9451146562991355	0.21663247933845586	0.37502753033992253	0.9022687113547015	0.13668306885906623	0.5442940065950316	0.421105421383537	0.19016624797192017	0.6126469451533684	0.08236011060401538	0.42684588673023227	0.938094431191891	0.6939093991180655
17	0.5386200676047458	0.590612309216837	0.565764618737371	0.779763377854901	0.8244982224858463	0.7649508853883543	0.40357335403657635	0.1811097502409441	0.5191814218081604	0.7937478918236944	0.15456924153447615	0.6997513238291165	0.6253008718215198	0.8419991037471095	0.6670936859171538	0.15313363195779306	0.940784060066132	0.8184410685823682	0.18499568747338346	0.6347243890468416	0.9076246989942807	0.7852403081857807	0.10657973698962087
18	0.5472935478527997	0.2407021885285353	0.19913094298680611	0.5539525780715658	0.34967621928952153	0.988414169379735	0.9348370221300777	0.7311931514150216	0.5171709607635409	0.9317691815022874	0.3043112625144292	0.13277754328801794	0.431546534959255	0.3897186743649119	0.704266603636164	0.15294871945118826	0.7887001445565623	0.5658910368488088	0.09967306052796832	0.5422282375564119	0.6403307005772845	0.5455225403665678	0.28233713653366255
19	0.45902591797451897	0.37056116768084035	0.9312633245957911	0.7313765677303362	0.5723097407095304	0.7492638825200858	0.8926692513206346	0.9463483982243649	0.7855576571983703	0.7009132576260103	0.09657302550478508	0.323983896550484	0.6727197191160708	0.581111180093039	0.5841612683458093	0.005928902737754371	0.6436771041323229	0.5624994713119901	0.16546654085212298	0.6375835287263201	0.18969254726227125	0.19759517837159446	0.31311647638170403
20	0.6470806770208409	0.29860427661573274	0.34815456873739803	0.8545649646908826	0.47863795300044887	0.27502348942797106	0.4489915106977941	0.9856626787574547	0.19596270200819332	0.7525532561180877	0.5087467392419094	0.25830802651127927	0.009085803569773399	0.6430543577563902	0.3409246466718625	0.23105123654643545	0.5719443411735371	0.13224160138087282	0.26558465302685696	0.4139079967328685	0.34822948112626995	0.6014018730271121	0.9253942327564065
21	0.9872714450263296	0.9494601574953843	0.5317829526544928	0.9193212845013442	0.5296944488558839	0.11193977849333203	0.03120995816704253	0.6730638809579738	0.6504462896147875	0.8981970615584515	0.611744237241604	0.3373853020953421	0.9901316400916711	0.7837086342560223	0.24270709395127532	0.5338432616947284	0.5262914939748887	0.5211454971971368	0.5051486970684019	0.45197176167968256	0.5007893968489614	0.062081305421633926	0.8818503171059303
22	0.14279504613771	0.5719186293205084	0.36004539133597424	0.8312059031260569	0.8506230099931252	0.9865488571140139	0.5789990303548332	0.31383661028528254	0.8783976807943012	0.6662638623396775	0.08775847757579103	0.8675500892625522	0.7914312148414483	0.10632433608097924	0.6335838381022354	0.1592635100044062	0.7301954129615014	0.8974231778212639	0.2570981597647387	0.18176812662931152	0.22489373394254364	0.49758254041064365	0.8358962549757196
23	0.908719674549075	0.18286682548911304	0.6051759439757075	0.6256481749256354	0.2729981508879027	0.6544525827202734	0.11394047943029417	0.805197646465721	0.7915869622726563	0.5737429791054732	0.16697748517177957	0.8261010951189236	0.02438034974572012	0.9177490564588763	0.269123097487186	0.317247952804388	0.3248351720836775	0.6308066368126749	0.765702105397009	0.4016483969992538	0.017141019783480926	0.2206252961119035	0.25056217693403005
24	0.5451704742934541	0.21759076556580081	0.14820351214171512	0.6274180243758676	0.4759527139619074	0.007091124471954591	0.005903249680444311	0.6159174689037563	0.28841485959748614	0.5572606703798214	0.006297231841355	0.46747518536561816	0.5772341113957771	0.11432078271572743	0.48897316863190865	0.5358014746920995	0.3343492602133601	0.4529925365434906	0.9932987387242906	0.1331873444098557	0.386001305412922	0.5268706143476162	0.9422219795154178
25	0.7959891850825535	0.34701339291249633	0.5622527613056141	0.13550178799151558	0.6813896310376402	0.4259591514813569	0.7691616326818543	0.06033361809100646	0.3223937906503047	0.927563257299867	0.17630325932945634	0.4931557470462137	0.37915283372606146	0.9676235393979271	0.835964409383988	0.9884919567013315	0.3420898715453701	0.7409392279345637	0.7903586291780291	0.6290065549059397	0.3659357118728441	0.6641752966994121	0.7426892539196698
26	0.8455179726188342	0.5436650723409675	0.8532882905076841	0.3342045214529401	0.20653777393074324	0.9654564758381204	0.6890838569690995	0.29277843831409256	0.8239720637685335	0.8501818375025693	0.674672208577547	0.4890588819311207	0.42494226960102854	0.8855649230664986	0.39503242179684084	0.11298150167909327	0.19925318191113905	0.6680300417003158	0.1515923233027714	0.7664569421063366	0.2478561902924843	0.7943960216712628	0.7636754548062199
27	0.25729537304482697	0.8297255630267928	0.7249521277731384	0.10386263111219673	0.2749415634245739	0.6328866395986442	0.011086794570283942	0.1657600949458109	0.9303501606885254	0.9799047026323839	0.8605217579306264	0.8503622962375973	0.3503398597742666	0.21896361791306707	0.29933725830257296	0.20114242431570584	0.13102201122111345	0.5487336314442286	0.38235746434111473	0.5181986246499769	0.47540759276175293	0.1785483336268504	0.0020968598331232435
28	0.638230214979194	0.2670542368014872	0.03498065483132129	0.8513523270437695	0.6798121704154593	0.1646223909927932	0.19172843830172714	0.00565772426852007	0.7223829931732212	0.04146809138748264	0.8217901553633327	0.4092009194639893	0.21255478494472302	0.7399072357364741	0.7492319210960092	0.2714358215148339	0.3728010677192556	0.1615442081288253	0.6124171972154663	0.011505063559959061	0.52527221309677	0.17306542065452524	0.24139055207975435
29	0.9237214467566656	0.037434338696445635	0.6711562799767676	0.09917776270234635	0.17973934430703176	0.546422188172008	0.42070795858579246	0.5400843340449383	0.13168008553595378	0.22544260023392282	0.9572377795488634	0.19764521814202052	0.13535770948093828	0.11825957760137351	0.9274552167636037	0.030698262228940565	0.2738851104634801	0.9867382503416815	0.7311634716869417	0.42812502558676313	0.42932248442610976	0.6916195090147318	0.2231934926854472
30	0.30112235236822826	0.12366346229806591	0.8581428161630841	0.5358266116042797	0.276438185863052	0.4303369862090821	0.465830065748183	0.7901681108470249	0.9448265419743469	0.043535442051433004	0.04568840873410218	0.5791932467839052	0.6160451388847651	0.2850629997880417	0.3682854740229342	0.6256941921443537	0.1850414476008484	0.42703019153681454	0.8625956124898854	0.9451146719862233	0.5235413591906073	0.21360438255486824	0.5182112739978141
31	0.17626635578101213	0.2770764563333925	0.8761577580512903	0.6924586777346131	0.48217965669357676	0.06955553075420651	0.25353797792434796	0.06915256829144567	0.5688485427371104	0.8958060225129428	0.8528191343454191	0.9971697224808956	0.9213873676900587	0.9170821127125974	0.8157732160856205	0.5747167880220906	0.31512537709927013	0.96535593849694	0.792435758166007	0.13911272991829082	0.023422270828063918	0.8092789490935302	0.6655215304364702
32	0.2721019284001479	0.9144960531425187	0.6380205026224331	0.918079199423913	0.03715899576314208	0.8063124338687991	0.27876166713210004	0.19165690076029884	0.9279418503835128	0.03159229112325379	0.3794417198767035	0.24338282474653505	0.9259949384091735	0.15425235798604064	0.16042577802745528	0.07774874852393854	0.14099956317787765	0.1741012975201176	0.3670821513433583	0.5025162196209423	0.7383138441746585	0.35837158845701	0.7398279341574345
33	0.7380484879055612	0.24624007664159686	0.0466754291441307	0.6590224510718786	0.9955041504367136	0.879402468016181	0.39023043329533247	0.6191575173722135	0.13171086107329566	0.21481373092661982	0.0067092062822808884	0.8401147668543444	0.5871707497769046	0.41365403965306413	0.9588238689865926	0.6328297218121692	0.8185314879836784	0.19448155516221055	0.2977654711534643	0.10252336393228711	0.34799050610052407	0.9325386774288694	0.6518750887413227
34	0.39473156664136155	0.3694816623630024	0.585013674271665	0.9864316870182633	0.9676838194807473	0.5751274042666155	0.6235626778976573	0.7121998245800053	0.3091520244935808	0.4953218762947532	0.793092174167715	0.778387540922107	0.10671178181403618	0.1819430306335238	0.3097477058131526	0.24992281670853445	0.12742727633927087	0.5065751274279385	0.061249526373217233	0.13946541910800403	0.9662927688201501	0.694255369163054	0.4791614046625705
35	0.9413273454318831	0.38233280756149557	0.9681413943719539	0.015374094071522904	0.3974846275057523	0.15708420073401386	0.3416293034287763	0.5740303406645372	0.5151195194393859	0.2822531696847437	0.6618344162491752	0.8253135002581615	0.7506409188832329	0.8116607468757278	0.9819800368681237	0.058966956835053264	0.5768883474680928	0.8971608319720987	0.2201221247180195	0.1231076705708799	0.35823237043004763	0.369034516740124	0.8477707665525047
36	0.03784121907293636	0.5725427730875434	0.7184355061281106	0.0443519463940516	0.07338229421676368	0.9395029274899467	0.49278121231670846	0.35208597927726537	0.43882887673784965	0.9415070944931873	0.9245548244305151	0.37074219732200564	0.240434403814775	0.556384977587272	0.07980337714552099	0.4428612805626323	0.03716705692525646	0.7604558074907699	0.9346880600019395	0.5974208544815257	0.14654083992417555	0.5059218904842542	0.5667621942641211
37	0.24355132653314737	0.8351485412167019	0.4283694500211017	0.08222382169880738	0.23579293343007612	0.666021338330072	0.49815234289980115	0.9912089760018079	0.968517000234722	0.5688863456300128	0.1936923150441766	0.4902631217559358	0.09951767510943887	0.6495871623187441	0.545236834635397	0.5144475966106073	0.35141303727837325	0.3613793043473059	0.5743735877803141	0.48110894982971375	0.5943770465907283	0.4235065635285771	0.2376086245206822
38	0.36315904794204	0.07485744353544754	0.7914102704948149	0.971572885886003	0.10178381863358255	0.2223162744966044	0.058118567303964475	0.3329294258691059	0.3968197044353269	0.9396637831135222	0.8978081337413261	0.027811810716181995	0.5976062136430291	0.6629382958552255	0.5502260010595543	0.8336318290859024	0.7579439784371468	0.761917895404627	0.8886047389980111	0.5303523764919289	0.9158575834271664	0.04573291217984421	0.3138991498234942
39	0.9788292754065211	0.3121831681854419	0.2361798735658195	0.5746182412625723	0.9105837839642603	0.5715706913254041	0.27632210684549674	0.6242215013594333	0.8263748714049274	0.8353113806430594	0.25309300478478536	0.796993779724815	0.6401987704714638	0.4574709575757032	0.5300027511409425	0.9085083764400698	0.35085056115389934	0.15412995153411613	0.4096804823387551	0.3682331477375922	0.07494078691382788	0.4301018733832377	0.2758677939888551
40	0.029530182343482037	0.23326762530177225	0.6983216694519677	0.7006115823488299	0.29624421511036525	0.5467031366856415	0.754165631748218	0.4447875257908722	0.9552710925956145	0.7682598227820787	0.17028574210393055	0.6287181077874264	0.31094189108803705	0.7547614835505239	0.7371104216201495	0.6045317357190217	0.4597548835795755	0.5645505094989877	0.2899851766400884	0.22304275538802876	0.9629314366263639	0.7569209007528572	0.13599565685715131
41	0.2553144199653581	0.7494686341775698	0.9644749677486016	0.8218375046807489	0.7027003197736693	0.8138055492481535	0.11135871188919211	0.16866601286290084	0.6090419571288732	0.15991607122018714	0.35833909445450063	0.3406802781207243	0.7748333084969387	0.48758655808277795	0.9699443479864611	0.21126607137105335	0.4655462368881633	0.316831348865257	0.8193957490328192	0.44384240788603235	0.804942800351558	0.602844906504049	0.1738176277730632
42	0.5141264387991212	0.04908388910691319	0.4065848584164753	0.7352201101309191	0.36635286857873917	0.3478763069128322	0.8550248799893756	0.6520064099181728	0.5180526096504385	0.9183828387503585	0.4503121770789791	0.36126515579043084	0.20631774432799244	0.777753432414113	0.7685095538273725	0.6738651806875291	0.6030480885867092	0.3135174902219826	0.7262972976766583	0.4723785939269822	0.21749704192541897	0.0051108758497511175	0.8879553446021348
43	0.7561156375497669	0.3515027222747983	0.5528937739491847	0.735141672511475	0.5380623949302941	0.8761124179262884	0.5195479056877967	0.42842808792728493	0.2752706161147084	0.6578775832669093	0.3436254109812442	0.3522499526192583	0.09725637993682823	0.678917163838232	0.24615345620215345	0.6538715255469043	0.08622248799290277	0.2669178562067095	0.11858226334986632	0.062164126965598254	0.25842684521531456	0.8795595290236907	0.9539964004905398
44	0.5034395803840731	0.6977774440130567	0.5724246141351286	0.7633926400456955	0.4192767267694716	0.5007417581737308	0.6202709415047196	0.20495993312112604	0.2352236975349038	0.8059168127383873	0.7586170320459398	0.34668022519540675	0.12945500066389626	0.20211345327399455	0.1659100647352929	0.08120152061665253	0.1069063839196307	0.23556658284937815	0.6161161713340094	0.7168172673247608	0.3971068376399578	0.5698904602204926	0.1973939897594137
45	0.17951946447760736	0.3628722469403822	0.5916566444124198	0.6145815619113584	0.07847492726023442	0.43221969528299375	0.8999792660488339	0.3715481341195248	0.6109076169096532	0.04730798523216595	0.17025067173265818	0.06403190189843555	0.9122525055109951	0.2619042266686896	0.3401777999431448	0.6044055136341734	0.9935791970993374	0.4128222071735975	0.9305281702611087	0.446881094215167	0.8506663796286087	0.24097333443665314	0.5835012710449398
46	0.7849872787843917	0.6777411960492078	0.9441164929910005	0.578399766716555	0.2527207835169879	0.37378002220896134	0.9060880846388981	0.16728220023594964	0.8765952488829714	0.6904004146739169	0.2662392243229219	0.06253704882545341	0.8978808586695807	0.4377564590250036	0.06800203589525056	0.3038254773236171	0.6126480004899687	0.1384826306190191	0.45695287437236976	0.03359822010487312	0.5617989724488178	0.39961438149260853	0.286434619240985
47	0.4183998301262246	0.24409169773403205	0.058545901251138344	0.5327466028887856	0.06743085373995539	0.02223026798815053	0.8514689674843471	0.12210538496902468	0.8203471701857161	0.04541669201166776	0.9513692673132133	0.12802488635996045	0.7030327949140832	0.8213290118604534	0.2275389748707578	0.8104601169304629	0.1830905534046645	0.5363115928140977	0.4896984830916875	0.6370037519844238	0.5960528607216926	0.3446326304125704	0.2972011096498537
48	0.25162001219754937	0.7588226152162189	0.6259855912846636	0.1374294340923229	0.3378459344003838	0.3386120517457919	0.6449802441203457	0.9073729871752815	0.46108530653250834	0.5036551664294189	0.13719059669540123	0.668510964929051	0.26856572652962196	0.7462270808923122	0.09339618913180225	0.5875060832246469	0.8757245957203983	0.5390117572046467	0.41697427291954303	0.8238481435009912	0.8742354321082895	0.6626170006185798	0.18897038979825298
49	0.8804696283399747	0.15958088303209184	0.6250438133452162	0.991195304120574	0.5944872296766324	0.6950241093066206	0.583174488278876	0.10976637683481372	0.5126070582486519	0.40402599775635495	0.5718523386243854	0.4698321182956312	0.8693636949352733	0.6146002224368673	0.6478829507039834	0.8367884945351366	0.7662458173346318	0.8667942437037531	0.7642956755750834	0.16011636064096924	0.4358944792283337	0.4384291817241146	0.8044605681534299
50	0.9330393822544739	0.667942344035084	0.6444267661591697	0.22616522160408858	0.09452223361857148	0.5716956601472732	0.821497350886377	0.1925126995276516	0.30969910222254105	0.855742863768914	0.9226577271536623	0.8995099281340785	0.4306430776480167	0.7157069814310548	0.8149932715306373	0.04947397014445898	0.5614569467462218	0.23874178101943544	0.6992737402795407	0.0648909953475465	0.42998646576487387	0.9570041849318912	0.5514780193873547
51	0.6891208753711628	0.7030275725350679	0.8122185271456166	0.12397767727113296	0.07834798511677965	0.4727189552017367	0.32958083894136747	0.8380752998290727	0.35343670570448316	0.38888226424163685	0.24163439477386295	0.849788036804802	0.8508577125398279	0.8153918064860717	0.1513803611265223	0.677212922024171	0.9886095744355319	0.948226833388589	0.07877032710346688	0.040505233609840374	0.7460668927974985	0.048678835362734985	0.8958601003413329
52	0.9844467732614542	0.2459452119309613	0.8172573943588441	0.723287319637557	0.9287761548059972	0.8220800602134997	0.4621579093010074	0.3343680638044769	0.02289862732281478	0.2584752853158291	0.20072520324574938	0.49299011210003263	0.06928794667849236	0.5930839821019265	0.7731669633213587	0.9376141464582366	0.32383881158211814	0.9940430044468185	0.044841763986660954	0.41607602921599585	0.6816225352684667	0.7365895850953129	0.9267660245500502
53	0.7745168140778682	0.11294538708251145	0.23564692942355547	0.6535555887425633	0.6086497747760325	0.7273029855507531	0.4220729369124081	0.9238365449198802	0.39670628483301484	0.511770560796499	0.4898243456458933	0.5302318392988711	0.35078564278108626	0.6155631206205304	0.18679633851180555	0.8843490173351192	0.44696612199538444	0.03394614078317937	0.3738553824352241	0.27676585647042906	0.22441833006788603	0.6823713491985544	0.5345909131283895
54	0.8028304205881003	0.9798935895902757	0.14565877579872955	0.28256932318407535	0.6321622736724303	0.9263436577494778	0.8372403240422005	0.683381709885823	0.7030626397088657	0.7330608848518488	0.9099266932169809	0.3855340222817314	0.9826105204745925	0.6196102592109538	0.022353431726080952	0.13723696925236606	0.1490430270557227	0.8369579494570122	0.9842087289702393	0.2554100630446505	0.9250881813323163	0.9365838623698918	0.37853928189405184
55	0.008722381768730525	0.31923834768565895	0.7019981761856979	0.4908772963119673	0.6782505942511614	0.7165235592045449	0.9969649631712788	0.26262587444920615	0.2673418457542296	0.1011636244897588	0.070868569799167	0.5300863031783181	0.44652823364004846	0.6905484845689589	0.054041510575851937	0.5107051582982552	0.3398458310914122	0.9133168211587653	0.4745051795952153	0.3545653445751742	0.18567038575444306	0.9738726822913206	0.632457601177306
56	0.5918396228639892	0.7381888175425342	0.21150073690289828	0.5799754294871482	0.47587139583451665	0.5148838633017313	0.08431095292643853	0.2707796919485902	0.546741941456024	0.6409167284335447	0.8865633713660391	0.1685483791322313	0.22162932571619887	0.09305062879747161	0.24249463736976162	0.23214114298823152	0.8559591214490105	0.6037659399176465	0.010587932492716168	0.7322342215815195	0.5132924477483682	0.3504752699925504	0.47929804774236384
57	0.7962470085488376	0.6320922772160616	0.8252548686104961	0.6385640065583236	0.9270741776366427	0.883954182913452	0.9572660929067955	0.8710118922218771	0.9960196125472357	0.780583070984639	0.6430495017422652	0.6225706682402333	0.3714623829580924	0.0057424469537198375	0.32913042361653433	0.48429423514110015	0.9121665809692411	0.023598719873618723	0.18688419299359438	0.6455032362047508	0.5277804587240118	0.24632769384231146	0.7213660100698951
58	0.8629305953837475	0.8889526496794727	0.9315460256829112	0.3638187081810509	0.9313746234509259	0.655626548148547	0.02407595302225607	0.7118293311441769	0.13843450671002877	0.2844560781336035	0.3567461990344829	0.6016131494329257	0.33922274201700986	0.0749196959232763	0.9813782464447907	0.12366216032670319	0.09651956934681649	0.6185913674830734	0.9138015975378279	0.0260016600645937	0.797655052851604	0.22716106231813415	0.24568746223918259
59	0.6885578692363182	0.7814742345187069	0.23217921042719958	0.4011855758840337	0.9976462780239539	0.287061563993094	0.2731330799733438	0.2977939145831707	0.0013483042768805964	0.4704708802459525	0.8203452595440028	0.3085866942013572	0.18455244361320056	0.8265275988274173	0.21531787375542122	0.21687109128932502	0.5666928482997826	0.09984008480944606	0.4535284104866878	0.804538653939809	0.595726910959251	0.17247745130324144	0.7833161038628292
60	0.321822557906117	0.9886507762383325	0.4753414252407352	0.9493806114601876	0.8488670809577923	0.2518597403024383	0.1860802275228587	0.5705476494118923	0.4784613931891316	0.6039181366114181	0.8484623554377585	0.7088386792978753	0.32448439841842514	0.4188114111484341	0.07644932586400277	0.1605151809298403	0.5920534153138564	0.10951040942031864	0.6907757983602888	0.37964999199182015	0.33306421464239544	0.5796863980768857	0.9766663707631531
61	0.23091206133733655	0.05475549172909111	0.9856722840947943	0.7483884762923503	0.9606328434704962	0.04912628226046312	0.5712743759116016	0.5596612832835312	0.8738557058037423	0.16747988654861035	0.7647956515501265	0.7085104720645642	0.20995302500351598	0.7770632824491059	0.5606404183975113	0.6509794749617085	0.6205275345836689	0.805716452470182	0.4471272359676248	0.06017782915685366	0.47069784371039225	0.10564100468248205	0.7876452751328474
62	0.04546754258222685	0.908501222912778	0.8488433603492542	0.6140469380085328	0.9811591678621998	0.27702850925354827	0.30450252758369734	0.24917717285816254	0.9849086813421463	0.9800398977836383	0.14245791264609342	0.03969832252442895	0.33307768584762387	0.3541925834803187	0.35720844069512603	0.7508762333012089	0.0036389183834426575	0.4496439782290227	0.013258647963745429	0.851752315023473	0.09677960224947713	0.8756775656551947	0.2753437202013522
63	0.002132841920585049	0.0991757939371023	0.02913067401190117	0.6060099327183157	0.5420855623073374	0.8299805999037247	0.09078665984654055	0.588222814136746	0.680141141703564	0.4348902418795443	0.14852657857919271	0.562120358917649	0.37815442468062643	0.9792212577930817	0.6859183410014204	0.15272410890478205	0.6387890534162312	0.0317534534074152	0.4610543190244678	0.8093661217381634	0.015846166906330117	0.12816284204717254	0.49283065451405417
64	0.6777851016731176	0.6881659145049626	0.15618937877383654	0.47049495968698507	0.4822906735241759	0.36458845687014774	0.5142546338420863	0.407171694458187	0.6080893685151532	0.6204689368816931	0.3610646880450523	0.7692068762630954	0.2428119843616683	0.005498269740651041	0.39580416998608026	0.6305574709603723	0.26147676462079883	0.40809011968439035	0.3868471512943623	0.6250827449033314	0.5205683854758645	0.7133517312712153	0.10148155218606236
65	0.5994782766083266	0.3646079389965904	0.749664243550476	0.3799635513871321	0.905725802755471	0.4425346012760498	0.8831559458766234	0.8442889549124445	0.21431506784516186	0.3814145925272966	0.3898598134626119	0.13538881248008305	0.5781265401391544	0.47143902825339035	0.9121041866680805	0.632026912540092	0.2317468147814593	0.27886658417090526	0.8886938076725887	0.3204970923102022	0.2721210925710531	0.022513426970927064	0.8376955154312845
66	0.8562883294184475	0.9338303130242498	0.6245870533888072	0.7661515558703507	0.8872065437482208	0.6459127684976507	0.5781065100345979	0.7828003363911613	0.39201154767939117	0.4370336121205399	0.16084719257428837	0.19789322250208607	0.1294486054507077	0.541937645678508	0.06969248052575261	0.008452974099650179	0.2896238262178531	0.254504218938322	0.24947147250270085	0.6878277639189985	0.09299334082121058	0.1713557093299758	0.5468058026183377
67	0.6251523993105391	0.39180630488341495	0.9748534615507074	0.8321848428077117	0.3933359023159143	0.2946620352917826	0.8154488002483541	0.40243362393966553	0.2634528115759258	0.4569120233847562	0.17073828370482835	0.8009329861784852	0.028923290615146424	0.9579580868475857	0.7822065107463329	0.6743968557264632	0.25462465853591887	0.6210675995586046	0.9005215201650212	0.922707096128133	0.5240850908798041	0.22214776488435872	0.6063812742699748
68	0.1922512781810506	0.12216801670299171	0.28099072510091017	0.41629219868341916	0.7134042495777041	0.8611632223683549	0.03182186487086147	0.7312939429922646	0.589239967651986	0.4349590701747993	0.7295538971473929	0.941526732622952	0.9052545982368932	0.7689774794628863	0.6639695433334368	0.16067121100919457	0.44882819697719345	0.3228113066030629	0.126126134019246	0.6316727660527176	0.40234678530186496	0.1980119767485511	0.0995956065039656
69	0.8187959017629312	0.10535218757029419	0.20523227861104232	0.6337237268204964	0.08093630437272592	0.8687827741984673	0.752937816002838	0.6969126340059021	0.6072515592744163	0.8683126932248038	0.5341576915482341	0.805001365420874	0.9885540338490098	0.3439932798243984	0.5082536186366665	0.8731388607423756	0.3965425182721417	0.6898451294930451	0.6014435838184259	0.5491148022693983	0.8478315152701675	0.5297450560738229	0.8828248406976895
70	0.7519334293290475	0.4408706767326127	0.5448969231406333	0.7118981595040714	0.2614863255173079	0.7712288049290453	0.6433713865601944	0.49910340221909466	0.9834999585874479	0.9543503321837555	0.043643907292090334	0.27263440460156463	0.948504406061219	0.814774746934168	0.9817569950678782	0.2028085703760294	0.19438998828741927	0.8369421637257508	0.045676518724835025	0.5995247411165727	0.42918860372062395	0.41509112497617584	0.5906085512849769
71	0.6688506654858407	0.7740372531049713	0.788387773274614	0.2954874068602673	0.4915389620927161	0.945851059907711	0.8023078057951691	0.6835420106996952	0.26927864107296895	0.955054144818497	0.2984259648405525	0.3487915014818346	0.8737467539768194	0.7657858631692942	0.5021503977503441	0.7055182547852882	0.12903281646203935	0.39432175529391156	0.2515719294772595	0.3092097985515131	0.059766056844601456	0.6060174137931572	0.29048141517678994
72	0.18515802448677166	0.5452840738903122	0.7119045985113412	0.13474076058333484	0.14484833583768497	0.4344383230208685	0.963139275024277	0.21357640487560592	0.7704674715734068	0.19614070174548826	0.6948210689077982	0.08599645974141223	0.6043032377462336	0.6075123045976907	0.6802743912140716	0.5374160477739506	0.09250565614626349	0.8145042033706115	0.12270148679710824	0.2727075523023793	0.0016233681230634067	0.3391171100096585	0.3331883616138134
73	0.7392758038598896	0.35152523290849036	0.25285518598683876	0.42236428895262745	0.33739089758336227	0.3897618503994775	0.7878064358411814	0.26758661288244834	0.9048939718676241	0.7701174384207556	0.11475085034149557	0.6083420586518223	0.8995245074130584	0.89204739035159	0.8819543787488002	0.36962698765661095	0.14449978397202934	0.30789271880703717	0.3788149646641894	0.21638848225947138	0.3516110398494746	0.21120708552830125	0.8652849944437955
74	0.9016790020350072	0.8909824889244733	0.2822284007058681	0.6910018360878178	0.18699757647127524	0.4377729978704922	0.5854715448603041	0.31731615017909265	0.9853606709267649	0.1934829172289736	0.7896143053479604	0.2509155878003385	0.9059662360417301	0.35316078577225485	0.7112940695598741	0.1994992192875602	0.5638847427117925	0.3696885041424045	0.07212790972099026	0.4679656068836253	0.8590316174814054	0.3524551522647008	0.40221442825126874
75	0.7278358571196955	0.9257450260959059	0.630113390757684	0.2235700664611755	0.8131399106895334	0.6076144308992218	0.10574501653704294	0.0033993872234210354	0.12275310145398899	0.12177441964076985	0.5376443628868126	0.8797926852667539	0.5421772296542711	0.042699484111516695	0.2900621839307753	0.8313904169860445	0.5370179845738993	0.8576056472263752	0.41563443426721103	0.7877494247258949	0.21591947244481657	0.12388449903943044	0.15485385063546353
76	0.15859022193077377	0.7124728926341474	0.6935663322778417	0.06782481145648633	0.39780107302563494	0.19362549799834672	0.5606289393971703	0.04967450090244485	0.5120194008975466	0.16637313518174657	0.6340390340346583	0.4233769053780413	0.8738061374431477	0.5250275399734485	0.14273353441655978	0.15237819304924294	0.3058743415554718	0.9581076251783471	0.4383182735749218	0.9702953429494946	0.16552871596671181	0.9169115583513711	0.6770821705552047
77	0.8860926514853071	0.07741754463967598	0.33708427395034557	0.23499497170700812	0.09052332338136138	0.03789435721219969	0.7000029754647973	0.737677096704003	0.7632563472963984	0.8457318162295032	0.8225610684685624	0.27190036369414095	0.6599917121622162	0.20162525927613428	0.9719384527942024	0.6859989881814631	0.6449997387490704	0.3628694272520122	0.5162042491194225	0.8836399395841645	0.526902911843983	0.939786236397455	0.34210570970166154
78	0.6687228671846182	0.6541520703194058	0.27692762624207856	0.6981548161397646	0.008749184537337862	0.7315307610825447	0.8747724538917501	0.9541320776950791	0.5498212685218097	0.23015495376152073	0.47658147788318117	0.007384537008051417	0.8385019882994257	0.5808180598408604	0.7702704421864858	0.7118032176979943	0.9840858643639678	0.06416379454386856	0.13660573373514184	0.7571227351181742	0.4294032225414206	0.9410524134162374	0.5127233978715682
79	0.8841934464265754	0.08909875057514216	0.9026185777415024	0.2339164916060612	0.1861352331942988	0.3613966755881374	0.36190207515533346	0.6668321857362204	0.5157884213461247	0.42268473501878423	0.4575650841629072	0.5536642978206564	0.6966365008049459	0.7738194781785644	0.8950929648062771	0.24962322106986579	0.3173821294976049	0.22287588255459834	0.9120079241396877	0.45490962020559755	0.37961640178649714	0.361134440748212	0.7210079537756101
80	0.6176144152300004	0.963528698698511	0.11741935164865702	0.7585763927025012	0.915412159779532	0.3783626281872222	0.1604714135246006	0.9464897208993132	0.611610728833196	0.9723309093533737	0.7598601423900486	0.9597847645395203	0.6250653238491662	0.8909604475100161	0.21300905267322623	0.18712863507406863	0.3536601653949266	0.5933462159508612	0.09922960457223584	0.6681679654055854	0.14750660579277675	0.8625504400830094	0.43122808143340363
81	0.7973166181807301	0.340701638015652	0.3793917317996701	0.24037139268762064	0.9945739627068527	0.4194359318399973	0.6681260097984338	0.2540674071295821	0.8613484073932527	0.7294362646451705	0.3680295001702365	0.10193558983362316	0.5628942068098702	0.10717235505080736	0.33665157601690376	0.9220144735701803	0.3088514608776963	0.9569527124093871	0.04851296150207085	0.3290727395328331	0.8395132646342084	0.5899811046485018	0.11728287970020779
82	0.45416057642018093	0.7678255906984278	0.09163839240066973	0.5399763198233613	0.1678588129393479	0.4757590143304832	0.5897017508891786	0.43847054253776985	0.6592532437658523	0.018574006520390984	0.5589074457909065	0.6566477254932273	0.2584823214426325	0.15163444574534957	0.716208830520853	0.5607282748769716	0.7627760443793864	0.1618063845379919	0.13627703209579178	0.7858676570383037	0.5542249076148188	0.6591126068386564	0.4482364008198886
83	0.4738466998591404	0.48208762042801767	0.8641957122746935	0.36232277849306793	0.7546937246678419	0.8232666617656845	0.21327562899563324	0.3190974574759222	0.8393344056382332	0.6316512086556629	0.2946700824774141	0.7540451021889282	0.11087312177681408	0.44034738529251893	0.22957943845452455	0.32682975136820047	0.028867260139245454	0.5903854707555889	0.6147203597353736	0.4771772572847238	0.4939641034834019	0.4253150555396966	0.05552496013267105
84	0.8382990363620495	0.5595271904514424	0.21316830674408194	0.13600549654451288	0.3639665573678631	0.022387472641194228	0.9355927655092301	0.395017503027841	0.5067911863108487	0.4766118263918918	0.018524762626266567	0.5085361914791324	0.42296018407258895	0.8721896833404745	0.6695953260818988	0.4136953197423269	0.9726240867323618	0.4847962326861365	0.7345302367774735	0.552718628938971	0.2353262952270424	0.47329843058021304	0.8881268860466098
85	0.7635086791293206	0.3663112087313716	0.8784278685311655	0.5349602229911717	0.5985391644967235	0.8822423569223624	0.9990523882792101	0.010790750147007921	0.01483060107127565	0.8838073012508953	0.5717361703508748	0.5477179659802188	0.4451715239508678	0.2978813907684853	0.07478582274697143	0.9944425343761539	0.23438064454383445	0.9533680123663779	0.7797377698493079	0.4675711555237365	0.30428750676866767	0.19252775519859078	0.881249959849602
86	0.9507182783125432	0.697242935227932	0.7635547176207487	0.15061906354683197	0.3552290126946228	0.3403525310562231	0.9403534873629851	0.07865178083723379	0.7096682439463502	0.9712596822626208	0.17191516657126282	0.40037679572725204	0.954790767700138	0.6711874652258535	0.0763866084075292	0.22709187919911422	0.2865280580420754	0.862081377851812	0.263872156868587	0.7504983039257925	0.11159723294786428	0.942077614111105	0.2972025155349528
87	0.6291824334924819	0.4586583670707338	0.9571550112738625	0.08135060116989035	0.7194626178771726	0.12251632930844347	0.8367104462606999	0.10986976678661242	0.77062662303755	0.9096840433595724	0.7569316474693939	0.29067478642446887	0.06884348735899859	0.1006938594054615	0.13822311642623486	0.5236815831087105	0.7845406978869196	0.6478644765709074	0.6315742323696996	0.8092668837376594	0.9547958800269858	0.6868010192032339	0.20364118371043005
88	0.4292041873760213	0.6153000225111598	0.6557260413121277	0.09144738492305504	0.6606779644591864	0.585706778808076	0.6888097107548634	0.9649896166436392	0.5591732229807498	0.8076902822571366	0.9779879248111732	0.10967004543186876	0.5774827222627305	0.9367920807182823	0.4823267823028726	0.820357388797875	0.1757697516391834	0.0971450453609568	0.7048128748461076	0.48501240488186437	0.1215693878308608	0.3224203149126196	0.25351881738833004
89	0.028197091482186742	0.8788067228464732	0.22685111544126924	0.5574136420811628	0.48341827544887195	0.3413556857348302	0.8769447508659522	0.41665836819277235	0.4681404424455502	0.179357392280463	0.6675026809902731	0.03304687816355345	0.246434304512678	0.2354624765855694	0.24482508387869628	0.7883230983066495	0.8816113779014287	0.7333569019598679	0.16548580854688666	0.3164252860851744	0.7048270359013215	0.5423761650133774	0.030819814320791505
90	0.35027888661078743	0.9555175397449386	0.37970828339088414	0.29527415940955504	0.4145795978989706	0.9856693324539908	0.6256309875614211	0.8110308281828453	0.6830784543221429	0.8623018080238748	0.3774240145511458	0.4418175734306964	0.22220151157021728	0.551177245582299	0.4740427006347986	0.755581168687994	0.4024063657246699	0.11963487679904738	0.48633450370381714	0.8887044221020113	0.4744987522705648	0.5575785255431247	0.08652481984317906
91	0.16370736497235172	0.18020204659295747	0.8830301285744099	0.785894861858737	0.9378792776151023	0.79459365066541	0.17229434239053476	0.7610184316898763	0.46204764286372124	0.18259169318120094	0.03466225991784844	0.3766207929810189	0.23669680755721123	0.29249645565651083	0.8377149866368835	0.05706725793659029	0.466907093193791	0.00666075303806879	0.68167063778163	0.35868537354595664	0.7380936728945205	0.42268446865660225	0.7198512760527949
92	0.4515688222333196	0.9612811599263967	0.44809772386015845	0.927228891297443	0.7322075877935422	0.9696589440220524	0.057318641541024284	0.8301425642959949	0.9572332130781658	0.8874187396039108	0.6817410037986656	0.027661681302126206	0.11376411460996305	0.5373850882040951	0.9821282857688648	0.5587027574237334	0.22328064287381744	0.7057060234263367	0.6870597107953154	0.29889038333701545	0.4136553739504172	0.03988003573361143	0.27199582539127054
93	0.6072856735630187	0.8879089320669898	0.720652366014592	5.998094814062549E-4	0.3854882463973973	0.8684573659835172	0.8188221918700404	0.2532722935934947	0.5602506973079862	0.20206231930328133	0.42475958784404055	0.12742696240491913	0.7556270686488001	0.07339025871755556	0.22143923716007585	0.009855065904077809	0.5818103844935922	0.19403280854010896	0.16105561542014535	0.1935969896341222	0.5351959002325494	0.9090352200360006	0.3007920840119339
94	0.6400591779182431	0.9778408869585674	0.8944252677856707	0.6550741865572687	0.6716857036799123	0.04437353870583638	0.5069306510681714	0.12964540582239747	0.7213131618753582	0.6105367709904314	0.39101754256066	0.21706129386449324	0.2614087430150056	0.6499359158345912	0.6485790113486561	0.15370560733824923	0.6897109660043809	0.40419113631840975	0.7330468062012628	0.6651902204593607	0.2573632977920851	0.7965794185780942	0.24239553425245441
95	0.26000800272867164	0.09145107724165646	0.4303826018964735	0.9544535069577063	0.27056599747559307	0.9859224031930838	0.3305417719748389	0.7731300753134711	0.48623389868686995	0.9131940163542134	0.31085031121149986	0.7356140073470224	0.27480057859214924	0.14331355245067912	0.47880141500986995	0.868293518573213	0.5467393117845936	0.44836970605253357	0.9263380688733599	0.47309332786836156	0.7809402689548398	0.11691246143636969	0.09713678110627233
96	0.37611957378538285	0.6010762632669729	0.4064655011463345	0.6696889921899303	0.7769490234842882	0.06852623433127314	0.6217834760858905	0.050326689992519436	0.5995936503935436	0.9407879409270905	0.22232683581275647	0.7314719757483491	0.6651177763397521	0.6335697545302268	0.23449784943710683	0.8377730018180328	0.581079767767416	0.5202592002389261	0.7725008821497188	0.15642106213286977	0.9744155468576524	0.504223143783765	0.6562610591761796
97	0.8278271947540781	0.582076986449308	0.5074033442108077	0.9556553315460334	0.658969054053536	0.75768293373791	0.6329277711551973	0.7873804595223672	0.7141013538506783	0.15263638695146375	0.27996673609439326	0.8441027749974234	0.43615670688519204	0.6866065924495482	0.4158203942438442	0.9451045501059638	0.05704568687208467	0.4349698647889927	0.5432320279491225	0.36346260763552174	0.46619856121956826	0.7297484596002469	0.6401790231828647
98	0.8068649545040665	0.024073136837870823	0.5957823270827123	0.4949020285837433	0.7074910900611907	0.030986746979376534	0.6253134316071897	0.41068958035517755	0.9109527263647939	0.6915126630998103	0.5318580155241814	0.21294450958711042	0.9451113501882042	0.45081418377560345	0.9181873121088965	0.8553146547801181	0.796659695805042	0.521672587696047	0.24343263789480452	0.692180114530894	0.5266742785635999	0.2695980098680374	0.5807758926087022
99	0.6615454452325075	0.11591666027691327	0.8782946474901445	0.5198822638992825	0.20539390102439448	0.6464815122748768	0.37888507419215023	0.48717657100763423	0.7438184518170973	0.29845918474196675	0.6936808864440043	0.8322605855489059	0.9147521219105551	0.6686020192038903	0.8189200779432074	0.2602138121016083	0.5928777343885855	0.6025525843804309	0.6507737528607538	0.5772152817881255	0.9093055724954936	0.07301338088007003	0.24505826723595658
100	0.26086953432573234	0.10786443910119681	0.633307353863424	0.4934713198797607	0.06681522916092908	0.09436040229548781	0.6290989653178503	0.2978033154848295	0.7396398236781795	0.9619144040274422	0.6606159682148125	0.32845846344644847	0.9088196036842656	0.6084980683710234	0.7535322892566119	0.3647522448689444	0.41934914106281174	0.8020455376794726	0.3187426098633964	0.031835580762945126	0.6719199973268528	0.694025276577776	0.2595799176502185
101	0.4727280329774247	0.02895332712546539	0.8341158484278649	0.5195970374846934	0.1238256759916595	0.9804870040425439	0.19663540153962022	0.9548540582634171	0.29838176144990036	0.5578625484713373	0.5936336472879007	0.6617236371429511	0.724841567581168	0.43335259992226605	0.1200627159612756	0.7945460725623102	0.5355450048617735	0.250315675602901	0.953200794617598	0.46703729601575394	0.45619400673360755	0.9911590497073873	0.9115103612921391
102	0.5471722023172073	0.10761404099763128	0.6093369905966277	0.6673708931771655	0.02733681883688599	0.39872227511843894	0.7268063571325208	0.40363354682110675	0.17986271075331706	0.9632471842594172	0.9298068117154924	0.005702918114527611	0.8926275943950434	0.472628312122099	0.08352881997726902	0.5888593040947026	0.4202259388332641	0.4436560708441024	0.13017698512960385	0.27479213417252835	0.28328464200599	0.851795857782019	0.03513244652459546
103	0.6518236653401315	0.20181794651567198	0.45977269662636844	0.9023628532936782	0.2800591408597489	0.7580870970952387	0.2758755052323355	0.7929240699768102	0.9357080472709902	0.9502497834661774	0.9675731332385908	0.4493425830984725	0.02807866491254829	0.9201555861838159	0.3734172158649949	0.9538637461635013	0.7682556568031854	0.9169628578994421	0.4798390601819632	0.32999524727805907	0.22022894824084271	0.9928237962833526	0.35933154121086763
104	0.23447147225807485	0.3232492008698973	0.017704246862851214	0.6026388207720114	0.1807090711812781	0.33844334323465375	0.34747511529835473	0.7199605012475456	0.1850196404738832	0.943231618383388	0.8827328115212367	0.8348086554645996	0.3332908286073205	0.37384507538264833	0.31537613272963205	0.749039772920368	0.5285422123025388	0.5992503938261754	0.07578769998299217	0.11871599172903358	0.5987077913631939	0.4990467329256354	0.8655378549249994
105	0.04783311623161124	0.01919227313455263	0.41340723757459674	0.6888500639740166	0.8805854514649406	0.7361934770133455	0.23489536153985913	0.9806359398834883	0.3527204905187099	0.9644787516592194	0.41999414692269954	0.7697297134608841	0.548669239062695	0.3772483089065538	0.9124447014213101	0.8130212901469237	0.3035209149363154	0.8059139564333085	0.9909971039182622	0.28950758768373985	0.7875430106883258	0.42406675332532584	0.4809358247455021
106	0.9528524503461342	0.015831622620607333	0.40260291518115665	0.6017487443538464	0.6068654761276786	0.9368084185060944	0.19192175727026928	0.9625670924757512	0.39038041032817083	0.5706644656931144	0.9123058637419187	0.8625112316729427	0.6363341733669083	0.39248369119000315	0.8150380144717743	0.10483517278214038	0.004417893731154532	0.7846609194167862	0.4145052055026993	0.9917704540672739	0.1774914342552314	0.9193634816903238	0.6854854121326956
107	0.031227853779691284	0.6590237403837073	0.8741669332342156	0.6700079678583559	0.15702299459215463	0.11214075693495196	0.13262909773724618	0.9446235079915357	0.9410503555950266	0.24043397810784928	0.8764490738582987	0.6616153373070154	0.35883697022423067	0.4265023973906459	0.6369906515215438	0.2966286807824632	0.15916613524036072	0.21627070639237644	0.9413327983633029	0.810390173062227	0.7839680928309479	0.2654479633948683	0.5616419385605486
108	0.6636349601438595	0.08643344971985112	0.5490599479313477	0.8565444589088183	0.012054028636728664	0.8033121150312997	0.47580961159262203	0.47930979825617037	0.4520200374906962	0.8516189763209507	0.04609008968359418	0.4200381527160486	0.8880447973455856	0.0404749468619785	0.3457950838129563	0.9476788332084801	0.4493672925390836	0.7155698374721804	0.477641570258981	0.522588743257434	0.8957661312040696	0.18674176269067144	0.4975402992585122
109	0.16147290451546292	0.6216355977686128	0.5284249640415124	0.04561980036578328	0.05393206942151141	0.19256023345577566	0.48822621292727286	0.13982998615274378	0.4534746302997489	0.3300676535544451	0.7906475393375563	0.03462166765110142	0.9957340038901361	0.3979348538313795	0.08098106742533429	0.13801836006827795	0.6327640439226091	0.7373685939030301	0.11865922671973939	0.7274679032413218	0.31466922102777406	0.648575930311338	0.5998516360925226
110	0.608180563484136	0.39845788499518064	0.42268560807282496	0.1658578858267694	0.9172316538639665	0.5188910598485085	0.5906773099899677	0.7368529136227964	0.9925263448040592	0.31723046358037355	0.4749202956621551	0.29979972619873263	0.5977949929655546	0.991173901154014	0.20411844892181763	0.6748521291451994	0.8231072948806927	0.10289760794832581	0.583904627105458	0.5863273872352764	0.6649645566224264	0.46200894521924274	0.6030214862948682
111	0.5723375508444328	0.6308486200889653	0.18634488214801825	0.8989721154013424	0.8814248262100052	0.7101775235690928	0.2359350996917181	0.2072190621980522	0.5250550698859106	0.7069370754672262	0.814081173975984	0.6744549294526725	0.08158085346082533	0.23882907298699585	0.03438573742131079	0.9291640433596293	0.6802936297672999	0.6735958954084459	0.16369914507852723	0.9716389944263654	0.8334419208048883	0.8952527703462403	0.5683329966334908
112	0.2708122802547507	0.42960089876938035	0.07127833796946015	0.21452359161432288	0.9367073699288551	0.25353584583567346	0.526385022393765	0.20401056942744233	0.475009850531389	0.8557103335846079	0.4193108814462403	0.36172906565278073	0.42420401846013767	0.4588475624385968	0.16614477590903087	0.33499649454984615	0.1259158898012288	0.8594609498398338	0.45701733910588194	0.012207991999559242	0.9855486796254449	0.9590282002030809	0.2725599663991437
113	0.3239369376786163	0.8429923976894661	0.6424908805363373	0.5223552659994214	0.6504705188659052	0.4921342845646257	0.21101867992501733	0.7996716156830058	0.1271923187052051	0.9630920978383708	0.4714864330043945	0.2750957523828177	0.11285734452378393	0.9125380805636997	0.8868690310200085	0.9362471217893172	0.9656872535375016	0.3551757174068194	0.8997671517008369	0.22157797021963066	0.05834682541870162	0.013377967363888521	0.6555350129220937
114	0.5933339008883445	0.6552450515137472	0.7621899510251675	0.8719889029206243	0.7480695896444727	0.8742374663211547	0.003344864955299509	0.5294327620006064	0.9726845149003415	0.4596886457314283	0.3146372884831512	0.38774568991656466	0.6197645436194739	0.504987314055443	0.3899428006350828	0.07653308332277109	0.7980846903697009	0.5799885707216961	0.11036902326425446	0.6498517302104653	0.15244917570645444	0.9424911542211054	0.5684675574689795
115	0.04877659308242477	0.04161536969830315	0.6427399169273417	0.0051325243466837644	0.8730848984706178	0.5138679735155578	0.3660771591055889	0.9127556091889828	0.22759090633937817	0.22688028228352508	0.801248749755004	0.008404364055865754	0.17917292517787375	0.8618205262500683	0.17050378934585642	0.38723404210500045	0.5372910684392206	0.641229781773606	0.31250995991254216	0.9290401683217759	0.25380343210346923	0.27602046932391455	0.37023859008696614
116	0.9498031965138201	0.7271445514179543	0.03901277226195954	0.7033573233748922	0.16527267036730298	0.6914392469749187	0.6907479874163514	0.11829998966913491	0.2650830485582303	0.17288203611300323	0.6678875962929974	0.8890672086981195	0.783589199259406	0.20371999639675142	0.28532691461180837	0.3279431380942852	0.49755447642373474	0.5984353981425302	0.7002232977191243	0.8576971198069185	0.2810197192708209	0.11723154606228159	0.039458010439976654
117	0.6354715713064256	0.2041269906192542	0.7686836937915144	0.40162252716223756	0.7834404449200444	0.6753668675509108	0.8364241755644735	0.41043915989147794	0.19245525424912446	0.5956638412612565	0.4539890482542589	0.6185970486339774	0.6822784432767387	0.8179090538993503	0.19746122820544942	0.3393042773898649	0.025636870690814217	0.6869958958431943	0.21730304110610854	0.417427658960444	0.9732108924826943	0.07310798818485398	0.8887787431330905
118	0.04291175965284377	0.9528072033538287	0.10495572940091313	0.8246253349918516	0.9562391283883377	0.558346688908946	0.7598519003683153	0.36413820508504835	0.2990139768508261	0.29293113706178275	0.5739626723553972	0.3295954925808743	0.9223219814688224	0.28513542908145795	0.9987654982975991	0.923952986123846	0.18133896737066446	0.858805165694102	0.3486906081208039	0.13299946700622278	0.11673189795941907	0.9040213911546653	0.8601183231141265
119	0.890669936640548	0.4517155052177151	0.9705282411361148	0.11334954143063658	0.5679717778928648	0.01819838147687758	0.8848011753747403	0.9568622419646898	0.05398752702512777	0.06627298103556278	0.4780665246385488	0.11711199186252685	0.8116747017301144	0.4083735426965577	0.7049662065590022	0.8773297602103806	0.8116916471037221	0.5027471689190054	0.031193781917297603	0.5652158966161508	0.17423600278357088	0.39045272678765597	0.47331126063969287
120	0.10212410889290269	0.6818902039705801	0.8659232976478887	0.08508855610200328	0.5352748460567487	0.06572592980451131	0.38319773502225996	0.0020905088711822284	0.29973258848447915	0.11242804999799205	0.9782474016598435	0.379869181861489	0.9383271945177449	0.19195517609543722	0.9223943031923407	0.6910019362750204	0.14539422153917192	0.7632632549921331	0.9126375566540302	0.8823482293000022	0.2941551902499012	0.7798748336635205	0.35177477303718263
121	0.8362819184945431	0.057753128216598504	0.6875860531124325	0.674525982594522	0.42828723978662586	0.34040525722856696	0.8833596888433634	0.735437447952005	0.22819073167706205	0.4978286400429607	0.08746179889736905	0.9901633731362736	0.5534333348612397	0.7450409973895544	0.07015606148416786	0.5737937554447902	0.15017033997108975	0.7248337819472072	0.569778927738176	0.4082167248149493	0.2516188062485468	0.44165974053139867	0.040775333917055345
122	0.1550744766440746	0.14295610697456262	0.15337296657389177	0.07828354571599927	0.17169170464859318	0.6482048285392937	0.3572042924109152	0.980114751777242	0.6244262323799434	0.1469229934105476	0.706550478756484	0.9274815174841234	0.5672112690766669	0.8271508123521298	0.5516008796331698	0.6925863076206836	0.10262977671362628	0.8859482226425229	0.8095206463067597	0.6141896696602266	0.7086811631025081	0.29999041287536754	0.03885454698200219
123	0.8215353266627975	0.43647084785368206	0.6060709688551387	0.918011371861573	0.3325169411573773	0.9623741392246056	0.8549954955352492	0.809133490079955	0.7037297220410695	0.4127952986975225	0.5322309675561606	0.7263520337013506	0.3680571351716371	0.47046375599073975	0.7748094238672701	0.8213732437476255	0.6597014569727673	0.5182794432007775	0.6563667745888565	0.44953679698225524	0.7970742905194963	0.4800391561761308	0.6608308148749737
124	0.9859322164018706	0.7707211588578224	0.5769470949440936	0.7201552380344021	0.8238551405084839	0.16646199176688126	0.4346319898934491	0.3526289406882499	0.40682979633668603	0.4431873705440432	0.8474643160562524	0.5056733040743362	0.7206203350128456	0.08025779230515073	0.03528694969105306	0.6806722719828426	0.40309803593845417	0.3112115849703939	0.4122433305114619	0.7972634604223235	0.517527342795955	0.8684941964756916	0.7282068966827958
125	0.04065109610393902	0.0787786537694406	0.2781802876351819	0.9403867317184138	0.6278840352528011	0.6221713887822475	0.76416709922705	0.326003873402411	0.027675802213091294	0.46109595078930055	0.748075443677533	0.15650334156141343	0.6732254987735731	0.7922584418751555	0.26410344978117173	0.7195875859228485	0.6186317142472806	0.47633764141879864	0.3473343038417057	0.5974267539536267	0.9068743802507039	0.14703877471326454	0.5995088217258523
126	0.8877220027330586	0.640972086361117	0.28297405415446897	0.688030167278304	0.4888681063272664	0.8798055229496796	0.014495012073140523	0.49197652935009983	0.6612819732875583	0.5162301788938872	0.7315476502843569	0.9731552213210963	0.824034164274827	0.23748440155989547	0.008815694459619161	0.6207394271249269	0.9492405509741858	0.5165319326748946	0.9708636953931791	0.4947865970046029	0.9762418529842548	0.3378604257321164	0.9826859086902763
127	0.4769455925620214	0.38341872224969753	0.022390450281448815	0.4700134287100143	0.325916976527994	0.4275608347722267	0.08353269352564796	0.7489259002561637	0.5307392603208081	0.5890284129531282	0.520063138961276	0.9757610641757628	0.7567310925961381	0.44551496088461906	0.33136931956054017	0.7160091522103037	0.8869280066306772	0.5380404064913461	0.3267535359469903	0.17482575221664842	0.2761091056660572	0.7898742043189194	0.4928615856047237
128	0.8319911210375077	0.8550178722738565	0.6924080225549797	0.2819383057959509	0.08058985845274347	0.14913851940458822	0.7815681179045013	0.18849432896404528	0.48137983858553124	0.1093971773265432	0.8941780793004387	0.8931010505035325	0.41376475538301616	0.8914154043186763	0.31575208911938746	0.0694135407336196	0.2294797269733222	0.3654506339473863	0.20952041233930152	0.6741542043340975	0.4965453268136871	0.19091667182048233	0.6510577711555481
129	0.1696726414325277	0.5587396343907001	0.7473848456870615	0.18370689977608512	0.6648300059171859	0.42978456733591064	0.07822410163350502	0.0570587009410396	0.4023387711587294	0.9916367441790265	0.2735464792330651	0.21407160191179564	0.36932215482933795	0.572719484070148	0.39588196165944955	0.6519826698955443	0.06273980927757938	0.24462719374385	0.13501444293262754	0.9979831064153082	0.6024590036480326	0.5947792433989922	0.8676689604649442
130	0.012701835775875692	0.45213422819061555	0.307694943930379	0.6932470525340689	0.26286017348991253	0.981689885247579	0.6190075969202584	0.3185661852433227	0.38903186571652715	0.9850842354276882	0.5940300110842461	0.372565868666785	0.2352623008282949	0.0531655529833126	0.22662976193229734	0.8462019069716056	0.6043715384060837	0.3938137945190382	0.5543673267569355	0.8732570002356714	0.5560860570141343	0.2901943111821904	0.34229599184902415
131	0.9945548087603501	0.9747138198330935	0.8928329996199342	0.40051747883936906	0.381071431590305	0.59889878081184	0.452354642222786	0.2695324663420332	0.23069673518333877	0.8280598181904751	0.4171095524288696	0.8326207257428928	0.698905517821976	0.39844063656364204	0.04354598957916256	0.3959309691974917	0.2753562131109729	0.45626680373541373	0.2970689579329593	0.9146552021350314	0.47644293037741037	0.6463263921675607	0.8572586744749796
132	0.3376086914903397	0.08808410260466015	0.5813616023362722	0.983704612204634	0.49273090901492944	0.9635392047928553	0.4609781557246275	0.8473444192577974	0.5424690990722656	0.5578024123292274	0.6683505261517284	0.6870789442978534	0.8007005332957182	0.9631302695949148	0.8888204000759817	0.8125684625905132	0.6217955819555968	0.19951785410748424	0.6665571427230865	0.04149694193012776	0.14761853321653085	0.909446160325873	0.34376826544905326
133	0.6332248364274435	0.9297086681273804	0.4079809401059685	0.011519112980196144	0.16063333475728148	0.8315793931903777	0.24731106677189396	0.4420407302037783	0.048095693014437946	0.16001831821011803	0.0690724431451617	0.9694754366948318	0.6958945488604074	0.6744667749832446	0.5383112377268003	0.9393297665579282	0.21003625933111736	0.9800024932853634	0.5796978969633336	0.6564751645186124	0.7612968627141399	0.8221443421707573	0.9696115709948544
134	0.7273564528843082	0.5084664487756563	0.9706433409332924	0.5769717855639497	0.3141390567003439	0.838141885706276	0.7046198879102266	0.19120265883440435	0.09684588216522472	0.39705055104800935	0.3928518863306496	0.9274724635542521	0.6741052401692857	0.022770633015679054	0.30071383354706094	0.6573589600836252	0.7239514731185286	0.21484606728490185	0.5492130577479192	0.7773491958346249	0.4931901727158694	0.23067753398533242	0.1017632140032999
135	0.8980898766207989	0.08716042672308533	0.2392030890507456	0.7607818066282552	0.7140624256015818	0.5912963906394627	0.22026546153296245	0.4188928358654431	0.3963646661706841	0.27171143384687924	0.458695325490702	0.22846172690592592	0.3405386813757252	0.9740977898011661	0.5495231569890013	0.9283842845350769	0.9968925444263261	0.3685555347899948	0.8043643486134066	0.29849752234267124	0.8125211351599706	0.8725342368261989	0.8289063390699852
136	0.599674593019339	0.02223918416933679	0.9248920783612914	0.8275577214253228	0.901612495571732	0.1398974236050614	0.7811463274490847	0.8837035510021919	0.40051533068111156	0.5220609271050971	0.15331033112372439	0.06264295886384919	0.18532223626459654	0.30278560272663335	0.8272819173828451	0.6891682803727742	0.42382372336030905	0.3312379235464894	0.8565685577672604	0.5628780235040506	0.6089558683747366	0.48315961708285804	0.05320532466179351
137	0.19169821945867815	0.33075689846227463	0.8626874188050627	0.2750412350030472	0.34771988130304377	0.02091611582976516	0.9627958468609193	0.4431406425746245	0.3793433570727931	0.2545404715438818	0.8106384982807912	0.31386627209185125	0.7498522738423249	0.4877092560536457	0.4883213612727131	0.7772805315239689	0.21492386653517337	0.5595828436648376	0.19014942815293667	0.8568230568626156	0.9002139864629083	0.89427652616419	0.15414565777485867
138	0.6447913105309194	0.29503899652103793	0.10040629937491108	0.3886490899276944	0.12397270114525105	0.8393087911053071	0.5851578649629569	0.1040569699988313	0.19784617120611359	0.3482484583846098	0.8749264459679413	0.1552833700736499	0.2800917887612524	0.9930786040195453	0.5660195630133729	0.602264335310436	0.4787173125541372	0.9357074496552776	0.21661071879489702	0.7038482041663993	0.7509307690282534	0.0016205230671710869	0.035076815682894
139	0.2746665868408181	0.4019584394532262	0.9675363379185627	0.9200479030487725	0.35509005481697975	0.9543283361750168	0.13902969456239356	0.26394271419212634	0.5711299153936494	0.723708832958959	0.8982067035719192	0.9444592701537273	0.3941555898606832	0.40321313878864673	0.8126486818248928	0.09743452798569541	0.7495547413875873	0.5801502937128901	0.7142245794033344	0.5896829885986079	0.06897122832219327	0.38752366050162235	0.8800049501152999
140	0.5918689550288109	0.9325135198869081	0.42714814425307257	0.07739241411940534	0.2891629065361564	0.9053344323923262	0.6920780854270167	0.7717175499078281	0.5613773051030279	0.0372405243532149	0.4631075095510355	0.23693076913421118	0.4144729562061171	0.7644973905805758	0.057425011901240275	0.6586543225984098	0.051771927626700465	0.6297549863019595	0.8670762776389991	0.5737412682950762	0.7359085084715409	0.3190248287177102	0.34070635865609755
141	0.1516207031522392	0.011495243954399936	0.0038987780577132147	0.434125847893186	0.8900918173071247	0.43367578596546685	0.8727068845452637	0.5835636920579444	0.2718617492628793	0.6791824349104753	0.03606978482392653	0.44004095707830415	0.8080054858728526	0.8042107152913476	0.7003084621912077	0.4441194153932818	0.6806582107565141	0.4573692999732175	0.6164325928453659	0.8173497726754418	0.889634195968486	0.056158498137748536	0.3329362332366398
142	0.7000637284636088	0.40629815705479355	0.2918762122049374	0.7073871406900702	0.9747257000606473	0.3428986167239332	0.8405449613757243	0.4648045591117458	0.779878910227579	0.5567053266071411	0.8263997374984824	0.33007716159469	0.8417919961988838	0.425675327371713	0.4096710181534656	0.4071816430869044	0.529232033918961	0.7560055745449403	0.8518429241918865	0.029719354472694914	0.971360301144505	0.9118126114787635	0.5492617694431972
143	0.2652970450361579	0.6695673619046383	0.29331233659931066	0.8199156751594897	0.6205346421427359	0.781134723905327	0.23225620469683528	0.6784009149532475	0.2639919193929824	0.6559297606791524	0.22201277610753078	0.44053636489341175	0.2610625810365176	0.2669123480922805	0.1545660537715675	0.7617823530375593	0.8978930722226789	0.8910501820943476	0.8978356141062087	0.6325659721226841	0.16064054171378706	0.7693117268564946	0.11410544629885533
144	0.9288097055707851	0.8318924586016389	0.5027248268920994	0.6939818995543225	0.3474059873414743	0.4678285381792804	0.6260602548875388	0.5601837701342813	0.9440754015520803	0.7277126872365834	0.14151882057185294	0.8816000549603564	0.034991373244287916	0.14156115396588098	0.7918720689310583	0.9304342544936414	0.9237502416702493	0.4223406378017691	0.5058258760999187	0.9138864470060797	0.7717096809773877	0.8558077931561157	0.7579473422477901
145	0.1167075716707251	0.9424150999451015	0.13410969087203273	0.5513152428788309	0.6020926311766734	0.3197778758757983	0.2385223690301186	0.353124676626259	0.5357630462911537	0.42486542390735205	0.6222123257523813	0.5917971557133948	0.921720557242659	0.637607685022493	0.9956640384917985	0.2587172562054628	0.16803831377553247	0.467420494905725	0.47542398096277183	0.7485377032121161	0.43718720497829777	0.6106912810694511	0.7210696404759228
146	0.31906456357739554	0.1777789588638825	0.4832680727506964	0.9558197464142697	0.4550550669681209	0.5832394079706922	0.02253789859034616	0.4429598115663028	0.9798305980971989	0.9778091621391259	0.8163760361062423	0.07326489379394097	0.9744276113740027	0.2914007297850322	0.03519318995397136	0.2078592805656021	0.43607994238537606	0.8522248332475227	0.218502171830253	0.8164605385231863	0.1361456785571552	0.6997310087791836	0.698872296967775
147	0.2527133077963716	0.32216287772017727	0.5002902065997704	0.33383334469536907	0.7163259240946082	0.7495378588626737	0.9341805028882887	0.26023797589403286	0.5659809273360246	0.025440842150526333	0.11481941550356756	0.5857852975484473	0.1674980931608977	0.4008034945128356	0.19981915381502702	0.28885481914325595	0.8884865928869076	0.9558835735886319	0.8583241471712223	0.11049430588983122	0.1837307267534779	0.5906821347161764	0.670222849792144
148	0.8913512614246504	0.4548113548707573	0.35356888153536203	0.8502086784862705	0.631532197700956	0.5129730575654174	0.4197916477011093	0.9132976310359876	0.5328201677890649	0.026004893777217375	0.466116665369009	0.028293432225585335	0.42037538880675585	0.28791022889442164	0.2786658048046534	0.8418229645490218	0.23498953488205387	0.014399440498156557	0.17808820480690912	0.49794855478662203	0.7371598990868209	0.6377462808518966	0.24952315384992485
149	0.42699575509637466	0.17069428910700346	0.7513072886570753	0.42438210950254596	0.23211846885176235	0.396253126481641	0.937011142884472	0.1767977361726375	0.663255928441745	0.9241809141816261	0.19838247517992236	0.9696579161346986	0.23551884988533955	0.351173755512016	0.6171727620599168	0.6134635613878145	0.5226750376008908	0.9367755863139663	0.6534286246892534	0.38581893601810213	0.5362872257644681	0.4433910317433877	0.7168356195039614
150	0.10018359542263289	0.8871891677822773	0.9074474228213525	0.25143358612211963	0.30958542354856633	0.6183683876689368	0.7095348757707198	0.5963070401114424	0.48431476612466984	0.6969572107934953	0.16779794710153362	0.31161255167980817	0.31218924382892665	0.157915997795806	0.8915475838679426	0.49231224244448113	0.23580025606153487	0.8031260155510298	0.3010082044160777	0.831240606884794	0.9632214003614176	0.17699144046293558	0.04430893905487643
151	0.8386397649091085	0.9669800727310948	0.2632834184167636	0.5242744898342441	0.6770560367745728	0.9206636682080668	0.9778414437281159	0.38526553187971435	0.5284981629689836	0.6133515606790464	0.06788056314124435	0.604264234556113	0.27501595540592405	0.12913559664715268	0.471035376526996	0.7805959433066266	0.5443655017289108	0.9823105998738861	0.5359047302039412	0.32512301941376465	0.8491848907952793	0.4583880149686145	0.7607438751163532
152	0.5124425070501786	0.6311126206031881	0.6269052516935772	0.8680837798567144	0.7785642096152295	0.5105380787332583	0.36407434268936223	0.10043962186951072	0.2217415347141226	0.938181791259039	0.25163276823731884	0.5959038235414934	0.9955723508933522	0.7464606861949181	0.40283114330517655	0.5823018333528999	0.17118274342800033	0.8066015741868086	0.10731121222665618	0.9147208480087783	0.689251560353973	0.11172377156003843	0.6836988875840232
153	0.17360570541366727	0.2228293595571803	0.12661951743891642	0.08205723650868624	0.13924801856666946	0.12835017884543887	0.1717189101701463	0.587914223956438	0.9633778134137789	0.17493022677563563	0.9417336742526009	0.44540087554482677	0.7696997508654875	0.41099294049558754	0.9987320316662841	0.33910529570251313	0.7325988718027151	0.3524548034812195	0.22490442663625554	0.452568920249646	0.9068734804355657	0.6581519634911221	0.7720383454801586
154	0.2559209629068875	0.21123536525426767	0.5958829217351264	0.002727509678005058	0.2659679744323783	0.004451150705853113	0.8963877357891327	0.2825990871871883	0.7691254167272046	0.6353805987427656	0.042779827626847955	0.2533499993278038	0.900898399127176	0.19680068561923403	0.6493912880769722	0.393141701323769	0.5351893792235707	0.4677873567870753	0.34668839759805326	0.25390995724602794	0.15253054853852643	0.6905595495285911	0.5078590480452101
155	0.7544045733568833	0.22840916022763735	0.39507253297318545	0.22786926669353913	0.30328145821694263	0.7111744219314967	0.9582811298760955	0.19723126281606562	0.3283274719229571	0.8435846974436163	0.9648755549052751	0.5004205770081654	0.9959059246880106	0.922874053236851	0.7224255014473657	0.9128256847577212	0.5189691194978958	0.5912880375243663	0.4762516735012301	0.9703081791554699	0.47249118845962323	0.902357814854765	0.9679754194616896
156	0.9418972957682086	0.9619331047692655	0.7177533917654391	0.9865813233843173	0.8488378385646838	0.3233593605484094	0.9553759350754405	0.47195936106027125	0.8421556684017191	0.27308313018945685	0.8314199335875819	0.548276824452659	0.5761005700044852	0.07022517511786508	0.5174565024578953	0.5881623208926653	0.6962711189006435	0.30732938167550494	0.5681587471220667	0.03856775803808565	0.1989222870617653	0.40218535950823664	0.06611121933232522
157	0.2753060239011689	0.21190076621845244	0.7282666786582767	0.6772151313222439	0.19564617597730116	0.6978492848545124	0.5917009719308804	0.7135219318981536	0.6069794174655258	0.6867659873728498	0.939446049885664	0.8598974081453712	0.724452938754035	0.907700332925158	0.7663536239374842	0.43673960886510166	0.2516011283594548	0.1083123310602464	0.6780608476679145	0.9430436105914712	0.5853863484856979	0.9262172318696179	0.9621566873137628
158	0.15242659494371535	0.660694709428454	0.9074831787053101	0.8218286808912869	0.21929726619848988	0.829214484671922	0.1553444988896603	0.13420321462130103	0.09317360996700685	0.953758294385167	0.13613852035044438	0.20985028693874264	0.0362234953183187	0.591472401027923	0.36966980485583756	0.5504313079587045	0.19242284894086914	0.7380096420939573	0.08764979928282324	0.5282268389107019	0.9662966621246963	0.10962531564858302	0.456556416664482
159	0.24428846400005733	0.43502800560441	0.35128788326716875	0.6302025876846081	0.5612168306363124	0.13979090943625871	0.8762793626081244	0.722498544769681	0.4520762482800358	0.38048308888792504	0.26639336072665554	0.7723376821255247	0.3587134919758789	0.5726047631516894	0.29172074666862924	0.9102312743568283	0.21075616368200345	0.31585059407933425	0.6451466749873803	0.230262537645617	0.12082462941354066	0.5710510256215331	0.4290648766528562
160	0.3211260768962151	0.5419982970664375	0.7454209949443499	0.2804481251509876	0.016463711203743903	0.8503355091647192	0.5456432406111688	0.7752966842330592	0.6874032154648057	0.8982540038767808	0.17413411116062139	0.4146190964504103	0.31915197246931504	0.07383638722477992	0.8159101801475044	0.06148307039190737	0.6886923162461459	0.7966335515583967	0.3917941906512522	0.17230612994799455	0.19207122211940808	0.18229577297000454	0.2382691218138301
161	0.5454392749030785	0.25747223333203395	0.8163703318050114	0.7151095219482562	0.59622954610317	0.8242022423194134	0.19186084447280838	0.7389896275557115	0.36012979071266094	0.06792184431434967	0.3856527636339955	0.8945880659940613	0.5240573651627315	0.408892888935927	0.9756660946917156	0.08427894273964742	0.7910856707229985	0.8527122555901606	0.033605013017128815	0.6433203620958824	0.7946859863078238	0.8819457874129393	0.26743152984047736
162	0.4695201230303466	0.596118960618823	0.44227267326669173	0.03319800124549144	0.9946807727579775	0.5222089273042417	0.048194612868818876	0.9876317151636871	0.759694238796346	0.7306159934786011	0.6710603068305664	0.610871730897576	0.9459785530746065	0.42585475131401207	0.8661007241502959	0.6930168031587601	0.4630180551824681	0.09169025745919657	0.5453661069824897	0.148650379237522	0.09508974235348389	0.4541754751642856	0.9099007481132048
163	0.20026692142801872	0.7698280681722622	0.14447669895664594	0.31718724869416526	0.05453129967127679	0.22710135620196092	0.1917667570948619	0.27883681681096517	0.6845610924536542	0.2387426598573763	0.5438480756735999	0.3586979448217802	0.22692915011958392	0.05799907791140668	0.7868009869170206	0.4730006722587522	0.8038419209182742	0.9621329924666842	0.11483514003984352	0.9818494640799448	0.2889565050024434	0.5924295324912524	0.3876547628694966
164	0.005322529341047599	0.6495574220294841	0.2929346055377907	0.8050316026925727	0.5976309461610031	0.018322057935234115	0.8025685582550034	0.326911676938598	0.7692365001263912	0.5746610104043723	0.46483020912386797	0.47226524668090797	0.859521969759988	0.6486279282933343	0.5851268200800059	0.5410220195881716	0.4315533285959936	0.1996511645333805	0.687835719374834	0.6208163432669991	0.6856684290372325	0.9678468881727899	0.20352363535088946
165	0.9639002884135156	0.3700720378843514	0.14743185343465381	0.5513199474294389	0.4494647325376214	0.30431266682833225	0.389761253871863	0.6722606919845983	0.8827421042143601	0.9254614700065259	0.3077750244515145	0.8164900252101736	0.8246466973468747	0.71700930837476	0.42414428077275246	0.7905267307126078	0.49434150095740403	0.9869431339057119	0.6821663058593797	0.9303731057174359	0.0420031800684002	0.2241579748528263	0.2214656045826433
166	0.782064267521214	0.15019003666133635	0.1813066770718833	0.10981534989463648	0.84332605633642	0.48959995658766764	0.9073841938144183	0.1179018136825355	0.7483299723178722	0.02863875873005295	0.18478903148669312	0.4256120667293434	0.9621041819420639	0.5761017863993225	0.21329958895966128	0.3564333602668841	0.3919795636576373	0.22240461232803233	0.9273484522878678	0.8508096162107263	0.3205203014347495	0.5371813246035012	0.0331728526194508
167	0.4098093197055933	0.7177088728505853	0.4797021390590642	0.7088652077134286	0.6672160113863655	0.29972540075660503	0.9834440323551411	0.9230425312139346	0.5811609599422369	0.6674819149325255	0.087282017289391	0.49679928190221334	0.47567513357881874	0.4801420891635556	0.30315053466186515	0.3588029109980573	0.8080454887990172	0.8971775527646585	0.6336576415537453	0.9248373482999293	0.5896184840393522	0.45708214885819876	0.2830177142385347
168	0.17079445904333834	0.845701276278461	0.15168574820668101	0.6408007335917983	0.7620593230931461	0.3644691648485203	0.7020794867150357	0.5603793719158583	0.5524297416885493	0.2552956589620462	0.9454849493760907	0.3025877114447252	0.8721565850571097	0.5136789447066903	0.8019695472351371	0.7699883309070183	0.2873862977602012	0.872946869464912	0.505731451475999	0.8182775483890794	0.932232312800812	0.7121800885467656	0.6577466817262902
169	0.4987406291651878	0.0898976644669891	0.6853008627707244	0.18489248136988123	0.05930282578594215	0.4307160034434584	0.038032843865107635	0.4752304508893176	0.4116035504760299	0.20267389170807804	0.2874448580773318	0.7999537018245405	0.5576549276893775	0.7139226162551884	0.0530499721302663	0.629572437763002	0.16202828007908376	0.6469824223244052	0.3489382413174077	0.6052329228526188	0.05414465660906098	0.10078835314212442	0.5731797769590643
170	0.7356345258565662	0.9501289727150306	0.7694212328264324	0.7637427438422686	0.8558308427357993	0.09481971746001605	0.33531361636615387	0.42942830961448897	0.506269958651821	0.8419088773317142	0.9799147768513947	0.4098325051801579	0.16875037519203784	0.41382011812632713	0.8962450585219707	0.7701028517154475	0.2305386642951519	0.21281528399416705	0.8254646482352214	0.6942656894880248	0.13871560133480365	0.09095285171537526	0.9335273769204913
171	0.7051570055355518	0.9538877518795251	0.9289042427053213	0.7941855134027552	0.309498807500473	0.9157217166231512	0.7222669908858528	0.8510565215320107	0.343419380022281	0.692328670587266	0.12889643970304532	0.4941583864236395	0.8767248846036851	0.7013471381104749	0.09191059657900713	0.8052654380247924	0.5234866723002632	0.2626421094571415	0.7204053821058587	0.10163159527182386	0.40201685780599816	0.37085913474018817	0.08355054918462657
172	0.6390735009623943	0.7890626485022878	0.5606421364970812	0.9536192392200677	0.22310147538315073	0.7210573496835125	0.6781441385455969	0.8196367715264439	0.020731004564586764	0.4095240993632716	0.3695304686415546	0.6857175882382202	0.5658035637320736	0.35823616481951104	0.750493972842338	0.2667916313235056	0.8070899480515501	0.49649516266207905	0.030372557539453227	0.19930415187129802	0.06114569622261501	0.47589676857477814	0.8302793564363319
173	0.7956064618987603	0.9008322818105317	0.5172110953970038	0.5567262560116253	0.688136991711388	0.3356142808035132	0.8395126988268221	0.4705418081769087	0.4331257578234152	0.12118697806452061	0.7554529846373573	0.025454802317975367	0.7734372970213108	0.6736849628381556	0.9745757591109604	0.6415352885263147	0.796300812904959	0.8576670848315376	0.5208343979805854	0.32575493922734133	0.6640580613845952	0.8672688582816972	0.9409766085251428
174	0.45524882913513065	0.9446936924835305	0.526358089601199	0.1572213656998117	0.5984317187655468	0.8237938092640207	0.5962258021639594	0.4006593509623123	0.46494119652216426	0.6407131360811743	0.0982887291654061	0.15106697118271006	0.94745118961445	0.25911268725385517	0.234475720875285	0.9043313574303694	0.7467193549384094	0.7556631855111164	0.21941566888736963	0.8904416362728009	0.2558020337496495	0.7905922832396888	0.22623927028013868
175	0.5730095291427668	0.2201912157200906	0.8098863207561166	0.691753120790595	0.8755405494774267	0.18769759515882878	0.9213401678760239	0.42693924303640063	0.6001840786776076	0.9152247436841886	0.8852818465689641	0.33517877159797194	0.4314493460052442	0.7091495385917511	0.1656806482553932	0.053293894595722424	0.2503813870655638	0.1418439153220471	0.39848131955475763	0.4994471869601438	0.22394934603645678	0.7089442459077607	0.9513888101355513
176	0.1371332516786392	0.2799070364562274	0.7702934726845858	0.4729615277200332	0.7459420853550411	0.12914363155197806	0.552053404038642	0.4587532119386435	0.6274700220863847	0.9555501664412805	0.07830299006646213	0.8983771326233508	0.4686984318309184	0.2576851116625579	0.6475098548797849	0.00974843354876509	0.5353560131809081	0.09703058896022176	0.8725823836472207	0.9153935978711101	0.47422611015322647	0.1843879089181264	0.36277997486299574
177	0.8705988356712357	0.7660554320258827	0.8189697726141331	0.8415791651299367	0.3143018360903703	0.7896658180538552	0.6840033431982565	0.8666640494046752	0.5810144124050374	0.5330664588079432	0.8981671238626449	0.34652941307319995	0.5856959059276067	0.21880881748321035	0.5239416743006473	0.7327555151019276	0.173380621782959	0.49852207165016915	0.9419624747639048	0.10783345586093906	0.11149494533601179	0.41551189236881436	0.11472084257562654
178	0.3854908105418059	0.8951827565559355	0.03450158149227667	0.7834664953053538	0.49378732358452226	0.6345905758427315	0.4940382442606428	0.0689236592962158	0.720820477628261	0.2979466431185742	0.2497840861175359	0.7794398282264052	0.36870165568562707	0.4954010311138686	0.4458562073581097	0.9694444104402766	0.4835333958530278	0.8059765810296431	0.676575071032878	0.9366025228197976	0.7074388310616734	0.3736133264650271	0.8824265207494929
179	0.8978063032225392	0.23326484356908184	0.12817194594606696	0.7617372843258184	0.042154856185362855	0.4334000149328938	0.523394566173042	0.8735098232918758	0.523330964922189	0.9812201569341912	0.12620370370033218	0.5570573739749877	0.2242908427514968	0.18699295622805812	0.7403538915011805	0.9005251611164615	0.803941251980463	0.8296447476384204	0.002331923063718433	0.2530794668919554	0.6184855726921376	0.9816121776338643	0.5485360098312653
180	0.19449128494604373	0.599378645969154	0.19607201911511563	0.92014567648629	0.4510367236857238	0.06533797062718338	0.9541625485272048	0.345727830166751	0.9780815197589099	0.7476163528434433	0.4543804564392856	0.4215067516321923	0.31741244330835017	0.015749616045254267	0.6671574731533875	0.49535921245542813	0.38132372321564	0.4052495236409923	0.07469090062168815	0.25297785519602867	0.015661684517845775	0.06922161171750196	0.6694232132607414
181	0.6032794230510095	0.05047652516501078	0.7026437502936158	0.5941354985693739	0.4650172906124086	0.05962492616274884	0.8210501638931123	0.27244027208088406	0.4676899982884716	0.7196131336774688	0.014623142954759749	5.294809820243218E-4	0.8972208134961832	0.48316477047742135	0.9442023017516615	0.7493533365133378	0.4405159586696934	0.2644437285590273	0.3974792095643297	0.3609769688821982	0.412892072730755	0.9705569804244688	0.6816532269174171
182	0.41368081616248	0.18849596387555412	0.007908122674825213	0.9930817173942235	0.7774422367203029	0.49622304884713264	0.34216739916571626	0.17496611701371423	0.28475545373377475	0.0922731648365197	0.2970694810672022	0.45087286905482415	0.0013173421797596507	0.07536554743382928	0.03994543920111138	0.30489601562353164	0.2969270826901723	0.7717676485516836	0.620840711142303	0.6685262334761269	0.28901782629466466	0.6846749431534414	0.5072660841377596
183	0.9697988338000734	0.25955883531226975	0.4761119860191301	0.7880744703722583	0.40205107143975916	0.3306372375432203	0.32940773129490264	0.6076508447593028	0.977626715513871	0.02484806332763656	0.3264308758251373	0.9355484271386972	0.5461241294749203	0.3336923846949156	0.6661537918646073	0.47689984332584323	0.9772912317644652	0.5705032668023158	0.6497465055137928	0.3853764752954776	0.13542942993579155	0.5939896324904748	0.3622848858924975
184	0.45316537091707965	0.1051753353682181	0.9543081817011948	0.8922903327118975	0.6213777392420663	0.36778785540195746	0.13564453981332358	0.7477003560115305	0.9794988905831787	0.2725756231067017	0.34760425475503454	0.8505032136045373	0.9039342712511329	0.19985733089087498	0.252285221486819	0.12215164784417032	0.6234022408979812	0.26985596390708255	0.6047230360204577	0.2080044391751631	0.2928686594435974	0.316185126352447	0.03147127887057566
185	0.33142646779212714	0.6079146028971353	0.11309374916630544	0.07539924838410927	0.616811495046852	0.0978730367505628	0.5223935076178322	0.19435913487554968	0.47567426081821307	0.49876624576607564	0.3090002336724298	0.6171963251676109	0.8110914406147166	0.026020567694343133	0.863279908095259	0.83264531309741	0.8631539057729253	0.9421306217110224	0.9638957985518264	0.014975257040907852	0.4917253284253639	0.5458906723600191	0.016612886637877744
186	0.8748187723593387	0.5726851404912714	0.597505534805274	0.9125219697740377	0.2644381594210209	0.9699668053625294	0.23783934006121188	0.763405140733969	0.36375354579114927	0.23808469616883432	0.6602553342235804	0.29247073307036675	0.42677778154341073	0.8084762942430478	0.14994563560931795	0.5854448180927978	0.8776729969015384	0.9178686904954935	0.6183446852935143	0.2400131650625117	0.011464375833549978	0.9480117707224142	0.4291658028439569
187	0.6908664032270143	0.6765168747151354	0.16350235591335027	0.1377956080063083	0.6331078842044093	0.09420076878629846	0.058057735279773426	0.7472259863774896	0.018542369950824145	0.4057424878817457	0.649478287398822	0.22139898461658747	0.0573711699702496	0.6270773574544808	0.09967320891707832	0.29078523698168035	0.02207695835121881	0.4395912021811945	0.9785046959173864	0.035211607575273085	0.420789723278403	0.6479579994141339	0.33884032999051006
188	0.3353994862932326	0.2841830659858102	0.19585145467129672	0.5250846209829446	0.047370066282638845	0.8929571938779044	0.3461279913166002	0.2985947309861916	0.6728183127284635	0.26222396204184883	0.004149734771518365	0.43076764062434447	0.37375302819353007	0.09461605118426397	0.1912357222931227	0.3882187734693858	0.41114523643791356	0.7157006130442947	0.35980047966069706	0.11435517375206672	0.4750226241658627	0.7132858572360232	0.5825588173425085
189	0.19777911059185427	0.9173932087289624	0.6164660680771973	0.6452464907435778	0.9103404885445218	0.599576605343121	0.9707591680815385	0.7256264240227427	0.6962897373429533	0.921966324359889	0.592448206196318	0.6511207217069849	0.698865100442825	0.6169424806508701	0.618246308531925	0.6932285544346659	0.8217817669611454	0.054598967648034846	0.20566204812808786	0.47896106727212884	0.6404722486904051	0.1361446390963299	0.38495052226112636
190	0.8778439644552432	0.20156113094440553	0.3312838603797591	0.615292793371805	0.6576092192307047	0.37893920206153975	0.053575986325991365	0.05585431750594794	0.2925177578800209	0.9909356720441996	0.36172006600265494	0.42663095616351954	0.555324704781219	0.32546932858433164	0.9249050921797417	0.6044986072045668	0.42721987705733433	0.06869256691119274	0.2968122318232005	0.7766407837702488	0.41964570274442725	0.8875252552191252	0.8055504457517056
191	0.05653575439900105	0.6177158539383751	0.07760755522794438	0.7857523993617933	0.9569432486165861	0.6270275217063181	0.7555844769809718	0.45425262843175185	0.00983786096972783	0.13398099057626311	0.048267098261266295	0.46221556773079786	0.12499484986641074	0.9742903133157845	0.6110984955979827	0.04427602378961626	0.9869412838680656	0.44518929084416836	0.5944850256258835	0.7292002880334888	0.904243404203052	0.09390703144528867	0.8689368993482446
192	0.7767711206447501	0.04560912669644168	0.36830826025156294	0.9185941896950465	0.8620454960012599	0.9240421880904851	0.3251629198690178	0.31759748651887454	0.040828737611199095	0.32329232572371003	0.05733102228851794	0.1148954091560549	0.6991548981198871	0.6001036187094935	0.6232179787510932	0.770463762173506	0.01475733721933492	0.4412711750431899	0.040176816023061446	0.5095439305736948	0.43996011101163346	0.7062737687961496	0.33810337222336306
193	0.09139109693629699	0.8531148249589667	0.9442581856320719	0.7602912265239665	0.025155473392714178	0.31965386187340417	0.5384088355213227	0.9456832944005666	0.2079027359177189	0.8540258597846236	0.2012435642263165	0.3299773692961748	0.808412541727755	0.1802243379790307	0.7211350598042423	0.06261326356298247	0.9752768496326726	0.25131624279089104	0.44336464635394846	0.45248926854251803	0.6089525691829658	0.20732217931040575	0.9582730150331497
194	0.3273264140084108	0.004806016201862384	0.5259952392352365	0.8645806215949342	0.7199187323953297	0.6478190792386145	0.35249120977613124	0.2777078882459366	0.979078747853023	0.819510378841042	0.3816174974737565	0.9609335054309366	0.7439069127775423	0.9637569878626677	0.21029419991672305	0.5714866205897388	0.21708480452421952	0.9505854432459686	0.7780554572401827	0.5341768671164884	0.8262117263769961	0.47563344695149656	0.36986480870909855
195	0.4819235375629636	0.6717747772802535	0.8378663176712206	0.6682137245690625	0.035553588309842454	0.12616274907664593	0.24926551171986577	0.5104171836339074	0.9344953880127853	0.5702046909619546	0.6475889356276257	0.33221658146493815	0.1755035285956913	0.5320342015308479	0.7069355910601114	0.7602441952550765	0.8683072063247492	0.42765040954099043	0.3707302651621296	0.45359993625508277	0.9750829761350412	0.6933679586053795	0.7678763439702745
196	0.08873577802454902	0.9649103414606103	0.347417169626385	0.8152080967989136	0.33203877096890777	0.6848764093971467	0.9212773866358879	0.15800597362051527	0.7509485845295875	0.42625359789447237	0.26089556495592425	0.35522210863178927	0.8771416524519241	0.24718244075820706	0.9137632930219098	0.3771952021779652	0.05425797041020475	0.10254906307135214	0.6898954023626878	0.5510172402309343	0.27784332630446684	0.2272548628025065	0.5130735446197969
197	0.06234736224707971	0.9666239567483464	0.520833752702747	0.8632887491241062	0.002350604467419193	0.49192665487926013	0.3893800944159912	0.9521371849662732	0.7345725974730053	0.3360021201011647	0.6150081791367543	0.2699931525995296	0.04894346810748651	0.9502052388030001	0.3435722529817682	0.29710470365350794	0.1687377050225728	0.7404307217038807	0.20813332429460962	0.9803264638224148	0.1811990757946208	0.11989805031125644	0.938667350933199
198	0.04302532514033275	0.873672515632883	0.23832540599418295	0.5477671298617723	0.31776461103156584	0.2744680941405273	0.8217268590683258	0.3275974182909752	0.0696928734629374	0.42131447060196314	0.5385127129284377	0.44512179996090906	0.713133359926765	0.010142517598281775	0.4452685759734617	0.8806262059020444	0.41469129619651157	0.613072254158562	0.35953344366901263	0.8188231705559379	0.8232653991826469	0.09685938815568029	0.4570927368315699
199	0.3723275466782535	0.5706712178666525	0.7216900735303349	0.9977475040925999	0.6940532694511278	0.24615403387531298	0.15509586342604242	0.8462162141368899	0.1180875750671625	0.26388858381026303	0.2968934824003874	0.37377109433548894	0.9578576415093818	0.41463475830031415	0.3784363816774692	0.40140590783897345	0.9859122322301844	0.9210368466411465	0.27309852633594733	0.07677778686928549	0.42139824257873504	0.5006258492754672	0.33479357013652
