0	187	28	169	63	188	24	182
1	155	157	123	144	54	3
2	155	157	144	123
3	28	187	63	188	169	182	1	24
4	155	157	54	123	3	144	173	69	103	31
5	155	157	123	54	3	144	69	173
6	31	155	157	168
7	27	51	50
8	187	28	169	63	188	1
9	1	28	63	169	182	187	188	163	115	180
10	180	28	169	187	188
11	187	28	180
12	155	54	3
13	155	123	54
14	187	28	169	182	188	63	1	24	180	11
15	155	3	54	123	157	144
16	187	28	182	180	169
17	155	157	54	123	3
18	10	57	110	144	135	157	53	123	101
19	155	54	123	157	3	173	103	144
20	155	54	157	123	173	3
21	187	28	169	188	63	1	182	24	115
22	187	182	28
23	187	28	169	63	188	1
24	182	28	1	24	187	63	11
25	54	3	155	123	157	103
26	155	54	157	3	123	144	173	69	103	142
27	28	63	1	182	11	187	169
28	28	187	63	169	188	182	1	11	24	180
29	187	28	182
30	155	54	3	123	157	144	69	103	173	194
31	155	157	54	123	3	144	173	69
32	155	157	54	123	3	173	144
33	155	157	144	123	3	173	54	69	103
34	155	157	54	123	3	144	173
35	28	182	1	187	63	24	180	11
36	187	28	63	169	188	182	24
37	28	187	63	1	182	169	188	11	24	115
38	187	28	169	63	188	1	182	115
39	155	157	173	54	123	31	168
40	187	28	169	63	188
41	187	28	169	63	1	182	188
42	155	54	157
43	155	54	3	123	157
44	28	169	63	187	188	182	1
45	187	28	63
46	21	171	12	32	70	54
47	169	187	28	63	188	182	1
48	155	144	103	126	123	3
49	155	157	54	123	3	144	173	103	69	142
50	187	28	182
51	182	1	28
52	31	156	27	180	7	46	60	16	177	50
53	54	173	168	105	155
54	155	157	144	123	106
55	169	188	63	1	28	187
56	144	52	17	111	155	131	26	133	161	151
57	187	28	169	63	182	1	188
58	187	28	169	63
59	155	54	157	123	3	173
60	187	28	169
61	155	157	144	123	3
62	1	169	180	154	27	9	109	56	28
63	155	157	144	123	173	106	54	168
64	28	187	63	1	169	182	188	24	11
65	12	28	63	11	148	32	47	187
66	155	54	157	3	173	123	31	103	142	69
67	155	157	144	123	3	54	103	173
68	70	31	69	54	123
69	155	157	54
70	187	28	169	63
71	28	187	1	182	63	24	188	169
72	187	28	169	63	188	1	24	115	11
73	155	157	123	144
74	155	157	54	123	173	144	3
75	171	113	51	186	103	71	16	132	3
76	155	157	54	173	123	3	31	144	103
77	187	28	169
78	54	155	3	173	157	123	103	142	31
79	155	157	123	54
80	54	3	177	31	173
81	123	132	103
82	187	28	169	63	182	188	1	24
83	28	182	1	187	180	169	188	63	24	154
84	187	169	188	28	63	182	1	24	180	115
85	155	54	157	3
86	187	28	169	63
87	169	187	160	27	154	188	72
88	3	54	155
89	155	54	157	123	3	144	103	69	173
90	54	173	155	3	123	157	31
91	155	54	157	3
92	187	28	169	182	188
93	155	157	54	123	3	173	31	69
94	155	54	157	123	3	173	103	69	144
95	155	144	157	123
96	155	54	157
97	155	54	3	123	157	173	103	144
98	188	28	182	169	63
99	169	27	188
