0	0.5323527714524077	-0.9978511625183462	0.23432719072783037	-0.7821000142820409	-0.5945792102099867	-0.4781393904879292	-0.1498733656382054	0.7516636580823968	0.44013961987730954	-0.808834703519699	0.7003642901204188	0.4959909843534567	-0.05176664822209043	-0.3701848360176492	0.9747083899574855	-0.17891902747668786	0.1360485939101479	0.6537871084831341	-0.3278125536924388	-0.4934067883253259	0.23074310659774944	-0.5571619296840571	-0.9880556803636598	0.27739509361101766	-0.8780286970091689
1	0.5081190819001389	0.999533416464478	-0.14026500662182784	0.9383180319997633	0.7623990001240175	0.44789329902347785	-0.25191213661254475	-0.4343793275790786	0.7239644837132113	0.24626844510084744	0.7576851783872762	-0.985287883192274	0.42627939934623416	-0.5230040638929907	0.1350075982219463	-0.24099365332100509	0.9590011172184529	-0.9007890570046826	0.508283380151958	0.6877401962425553	-0.2680322333415053	-0.6498326021584018	0.2823016613377458	0.1585745631551323	-0.4677138129885863
2	-0.2409895218816358	0.2166155163742034	-0.21635088039782135	0.23566481970458097	0.7244773685275461	-0.12652503411024285	-0.9539239120689933	-0.3633469516905261	0.977144526265399	0.3815959430751885	-0.3807524060481122	0.2784623056222453	-0.07152057412237744	0.5341368705256013	-0.6507762138752946	0.391561902074842	-0.09690410311358844	-0.37598024865232493	-0.7391426172444662	-0.9087437306450135	0.5572523665530253	0.6169992050337101	0.6612029862930808	0.8379671008986818	0.40577351863042965
3	-0.7273529259470866	-0.5608517223924094	-0.17004097204160074	0.3112158117841739	0.6456876048885707	0.9980966435444347	-0.5232364407564716	-0.966761349275103	0.03488212143927738	-0.09108061211401663	-0.607429261101863	-0.5072170920202144	0.8939289966049235	-0.6667116136514672	0.45237479889404963	0.27479957723727755	-0.5213903576918968	0.5428891217822311	-0.6303255917829793	0.07491219962019935	-0.9233226617947685	0.44790528778397576	-0.016954891687850138	-0.7104635221900424	-0.44824920045293815
4	0.9485567462555065	0.9799158673182669	0.7556218022627761	0.629740620624996	0.13636325249482995	-0.8606017575616489	0.7653200832587215	-0.13389835160514307	-0.10280289039438428	-0.6579681957168524	-0.08747253878297379	0.5544710406451467	-0.6939224097465566	-0.42717475405642835	-0.927614682112452	0.9720158933331866	0.35405253179859675	0.9349881086269523	0.8714679366416753	0.3040814554842024	0.01040093724444846	-0.7047360990209572	-0.6244761799679306	0.3504953652895104	0.3987826862807111
5	0.5977908852546654	0.4032798221619631	-0.3118499852617289	0.9538512896819764	0.11193224831803628	-0.13104356162368758	0.3492497013314577	0.8252362846994374	0.9205332756887421	-0.13721611824628477	0.2718759754934621	0.5086927132064347	0.8085788170475929	-0.202050598160036	-0.21071116755080754	0.709606178028783	-0.6217604368381149	0.8840462189865395	-0.7533510609745195	-0.21806914807705868	0.6948116987795379	0.4312359013307139	-0.5313904321085205	0.7360311639768795	-0.9409300768353799
6	0.04597605044830666	-0.7515059172226963	0.7717859942428638	0.6050694740680029	0.6483059317927338	0.28953995615756845	0.5687061588766635	-0.6615517651862672	-0.5776767068648687	0.10095570053551794	-0.8472935100571897	0.958796261113197	-0.6943732562065545	-0.7636969163603278	-0.940436020765876	-0.6493252797928877	0.43013751411159795	0.9589821460368557	-0.27201557376366914	0.981383015270128	-0.9541435300424204	0.9293631118496466	0.5805907040593028	-0.39041305528184256	0.8907517055451921
7	-0.16962638624300075	-0.9109637768377725	-0.31256162237785623	0.7141134394034536	0.9831161529978005	-0.7301625391768236	-0.3701692781221293	-0.28264704503968185	-0.04864350713687493	0.5204111736718207	-0.2720490819840682	0.045363641182336156	-0.10651176648551752	-0.5198090809100058	-0.0996955293010422	0.14320223701948476	0.9928459217973509	0.6895897393528807	-0.297094659339054	0.7869888945793124	0.682003168799789	-0.7800348292445765	-0.9386619226482611	0.9045664844618113	-0.42604071890524464
8	0.16063437385283397	-0.9590845039322982	0.9205981425730367	0.022882375274621225	-0.12562282336804897	-0.3628295204015588	-0.7075751186156309	0.0593432800832594	0.27075550450281627	0.04743654391048824	-0.8528557674023125	-0.9202601844525307	-0.0030311691590805268	0.17528701099452237	0.48701192554890316	-0.8831229974599932	-0.5911449879284905	0.22311844003668457	-0.7005906689385895	0.7784337898457621	-0.5399624901717337	0.14417981429275595	0.08926026088189443	0.01231331363179411	0.23510970503988338
9	0.45386382236513145	0.8459205162007029	0.7426385758110654	0.7531381723645025	0.4410935680527883	-0.7367947840971036	-0.8825785746521395	-0.11934255874983868	-0.8258477844239984	0.15035877023082422	-0.3813015208268391	0.7187189816541253	0.8613192547466104	0.403413617115435	-0.39180717096250617	-0.3335518301972813	-0.8948062961595769	-0.349476414076054	-0.9836736413708747	0.5139534414092004	0.3805978418336262	-0.2585002183291194	-0.17032686105897765	-0.6196774986492546	-0.33052629162975555
10	0.6209157976275144	-0.20829055923781192	0.08783112132043458	0.6021972150433681	-0.1942090247824817	0.3039825470649664	-0.3486195180022684	0.683252570379153	-0.3169990736396575	-0.1004150497375178	-0.03742999151604476	-0.7797756007476879	-0.851795788934895	-0.1419127008205272	0.46070280641858474	-0.5714192433283274	-0.2727840976813487	-0.45915203104688773	-0.39158790171887525	0.8507353780127269	-0.7476016097893243	-0.1521157186588078	0.32748689208969206	-0.29360582178720507	0.4107812905167978
11	-0.1677461746337574	0.20086593182185775	-0.9177943948975518	-0.9627376678474597	-0.04483772589086166	-0.7903391599897203	-0.027749456797102168	-0.10461837042482736	-0.2752219904820923	0.04945735072206081	0.09692314662448664	-0.1301968122234467	-0.465999272939692	0.6580372716667093	0.15626970019110442	-0.011223230660775352	0.39719551229490135	-0.512948136598719	0.7148672639032949	0.5014959183520498	0.983170579348078	-0.7369304837209001	-0.7311588273706031	-0.6455942108380286	0.8514425990036085
12	0.5088106536304005	0.21163468863099033	-0.1578421002121464	0.12109757657880804	-0.06672680393564034	0.3936601267671016	-0.04695273829753166	0.936323229418516	0.9498431039748214	-0.23802337597222478	-0.01459014227360611	-0.9600477031747225	0.044374983200437645	0.16965534681708938	0.38059716095052765	0.5261228805605307	-0.5093822394451466	-0.13949188747775954	0.39978676049266104	-0.5845717847791005	-0.0017481406520536424	0.3633713086594985	0.26602765778951865	0.08069161201381014	0.2791948352861633
13	0.5711531166401846	0.6995599797841663	0.7487709619708913	0.23072230868725474	-0.3666334299913492	0.39358901077837705	0.31355994957509914	0.45934251474870713	-0.043112554654053614	-0.09066540056162298	0.5176209823928564	-0.7927468819460888	0.0881916262914153	-0.28668275587831404	-0.805350885880108	0.3935992926784939	0.5413416059261875	0.6364829884486958	-0.28776782732232653	-0.5543567103636977	-0.26049201177330583	0.9039097460031547	-0.9858613798635494	0.8703454743991108	0.15382715907275823
14	-0.9345217347542849	-0.2663710168947946	-0.8952515731059791	0.4519118240693807	0.6520318517803847	0.7340536201781878	0.08394560825136432	0.009347778086068681	0.18818932075778028	-0.8697355121000785	-0.8216928859379884	-0.5089763308112798	-0.6878837379058145	-0.6458657402737797	-0.32297499276087405	-0.624841186626981	0.18420050572695068	-0.8502579822309273	0.8329328138117391	-0.7285923199451214	-0.8892816545108269	0.5185501488695043	-0.36605772013748794	0.6754365184574296	0.3652181713350322
15	-0.41783727980193786	-0.07066685383884308	0.4058822780303557	0.5594896673372292	-0.9099783360486071	0.31452089924603377	-0.61437927622414	-0.40237350193648	0.8716615690398455	0.26581901522227414	-0.34221507011685204	-0.7591682335195682	0.9179112302935066	0.41710192324794204	-0.4320075725988579	0.6172553829874095	0.9726942033741648	-0.4168333461278424	0.8977534915635861	-0.3697062716209063	-0.4731532091159161	0.15998052212937797	0.4000495972282023	0.15042268631626188	-0.07236224207661945
16	0.8698942631746223	-0.33341324214637647	-0.8802252135800246	-0.04756023722448899	-0.5297112308037439	-0.4527569439041561	-0.7446866459372528	-0.35773299298173766	0.00701654015586306	0.44574662952933974	-0.09440445512620732	0.45066074406063916	-0.5306126639086708	-0.268364806963896	0.7977581795880426	0.8356693569295301	-0.708660677895748	0.2370639893024693	0.9054997853139826	-0.6925656656005601	0.0438283246319513	-0.6519555996950204	-0.5245260092525883	-0.3588390824706571	0.8763561359802643
17	0.5532119647804237	0.3686490045732145	0.4750165256806975	0.7909520705860742	0.4792369512060104	0.30482881514689053	0.8347657128835673	0.6698106245426221	0.420507373309593	0.3426733596831468	0.26171693476112434	-0.8718200126307734	0.16172929286632165	-0.015806383480695185	-0.8321789186971154	-0.2730141519849223	-0.5043954515179658	0.6618402589030805	-0.19847214034836136	-0.14493361063686128	-0.7462365326455833	0.04794348417829131	0.7802715777733169	0.678784149777858	0.8976428051063319
18	0.6204035441261144	0.530223459273313	0.9571717055654658	-0.24298227367151348	-0.7748291628659723	-0.8287863008626752	-0.7663410723650981	-0.14258949437363966	0.9951963962159256	0.3944909636469285	0.940818995091157	-0.05638534972682763	0.9171730330910246	0.7032542962890249	-0.7075377475393487	0.7850886686199436	-0.41847080507075973	-0.9793434559136134	-0.5122025879687051	-0.8600097170738106	0.20777672039426331	-0.8827552893673809	0.7152692734461785	-0.1418643630514902	-0.09354392407527401
19	0.5695685698237827	-0.28092596054836116	0.51918565317959	-0.6794382149199687	-0.966046426426616	-0.7207569313736557	0.7308760591141219	-0.7165279725390137	-0.49579937268335006	0.8565769502751517	0.7531236437141078	0.9370472459989017	0.9192405596100581	0.8666020272971813	-0.5326432406225752	0.8727028536740675	0.9965365071245373	0.5721124794526657	-0.12356585672671017	-0.7100986309780799	0.4892935698619758	0.42175200739488705	-0.7009688442313591	0.910651292449798	0.2003001753553606
20	0.8124783581719177	-0.7866112121930344	-0.5547611847665557	0.03249183031488134	0.7166465018350314	0.30883568071366874	0.7735608548221509	-0.8839071995417593	-0.6101642905897384	-0.28049050601054026	-0.31193280157017433	-0.3755423650614862	0.4634362075171725	-0.3567797938658779	0.03846071861642941	0.2754996586481735	0.12640267316838405	-0.41058846100086765	0.4249456135076384	0.7128590242447963	-0.18652824746586916	0.3536950783771764	-0.7940466524234027	0.9707292122566598	0.8425313940916308
21	0.48244486852401525	-0.4820825932474795	-0.9514743324962709	-0.2182789502030793	-0.5305427732299444	-0.7511918164032851	0.25634669255532305	0.9772314825429691	0.21769580249044007	0.463780062536713	0.4394412077612946	0.6356644514693006	0.40265769783528826	-0.3495767229891029	-0.550334609682523	-0.8697976178112212	0.2899113750667883	0.33275428372126603	-0.6958263624781036	0.7877296343589415	-0.7121261908815364	-0.9027823785835323	-0.6436428935038425	-0.6855633326232746	-0.9420907914038388
22	0.8806152147768096	0.5013068599315158	0.2303294353626555	-0.6426526939108617	-0.510983271463018	-0.05215460158274299	-0.7915423876622583	-0.04296485689106366	0.7483480488316252	-0.5885642367166755	-0.9474356564047328	-0.046448120020602834	0.4314936582568243	0.7170429397558278	0.197252682962342	0.5872312379469473	-0.8366097922983042	-0.25171276647495766	0.07765276399144283	-0.7193474821945121	-0.12527140932297987	0.4389967638046359	-0.509034109148059	-0.9717233795300071	0.05652348350088565
23	-0.92447052270674	-0.8398488386585905	0.4964184480127851	-0.9380513662166732	-0.4369973065981212	-0.8895884008314399	0.2337637834752504	0.00847769013599331	0.5058325718923342	-0.8179729643628935	-0.7538468188303793	0.45251105788436763	0.9627522054865034	-0.9715280995802738	-0.1446275066240843	-0.05969115924419999	-0.44125766837898395	0.28664640555603094	-0.7597966951578834	-0.21680782804848064	-0.7289258189625529	0.256440379219361	-0.6509955974920365	0.961614248825045	-0.34606969744371097
24	-0.6102604890814651	0.9766090999418766	-0.06815575674322583	-0.47416641862881437	0.16437478249282078	0.714340155082321	-0.7093529228458688	0.2163819304940937	0.5064059490098398	-0.7895409301876544	0.7474832267832472	0.3535499634899064	0.8245207098123106	-0.2806179645521363	-0.33960719293870323	-0.1299138537099096	-0.06677738712417569	-0.7284887443693948	-0.48913045810822076	-0.5827015434000242	-0.33313060232620884	0.9615444995254916	-0.8753300119147134	-0.3032119890312137	0.8245168832802214
25	0.831643503896212	-0.8103553819851752	-0.6445450050940691	0.23591145708186723	0.6168549079217964	-0.3216819466503602	0.036367560536048504	0.201866788403394	0.22369554468269248	0.15208549156455398	0.9378492781658541	-0.6623502276357749	-0.7711726470744593	0.6055344864908234	0.8054071336132609	-0.06410809082632851	0.913264793103556	-0.4964598986794453	0.6658870315959384	-0.6340666241213775	-0.6114285640405357	-0.029576068463764482	-0.18949037852643058	-0.2606038368338741	0.22501919460443887
26	0.709605937013096	0.5432049024996564	-0.902824687181095	-0.34230065037336455	-0.8361783640475697	0.03293002790660471	0.7109260810470011	0.9250888626204699	0.6701139582104347	0.24341958011049836	0.7425166535097605	0.5855930762203772	0.920453922557722	-0.6389164913509782	0.46780634924860154	0.7610994566814344	-0.09201898062858183	0.4015346995411102	-0.45350058592305675	-0.8274056137152666	-0.27950199398628706	0.7474912198248034	-0.5922842588854615	-0.4385904885601686	0.03699288208463658
27	0.2555670418219951	0.7213106471908077	0.6306802984606963	-0.010396284520550969	-0.733272392931337	0.13786510589200773	-0.004885230987474509	-0.827419679801523	-0.6350449008157155	-0.9943394915266313	0.7931864308854124	0.011439662660169603	-0.9490688646712528	0.6108407613284186	0.5943809055472207	0.4496507713923661	-0.3676873648431658	0.6373563367493105	-0.9748594671494353	-0.033173657671452084	-0.420559264983694	0.006175212568784172	0.1406686729799398	-0.6884613481588393	0.35508880361487405
28	0.028635777248576355	-0.014230970681499366	-0.9864814593623861	-0.7008790073213484	0.8967082301868117	-0.9835874958319732	-0.26586441947108463	-0.46630118764387185	-0.06667893955323034	-0.905261177701185	0.8206998214253207	-0.948061772247375	-0.26120001347131616	-0.3762839191757874	0.04926450903249879	-0.8373138858036457	0.39485715272661404	-0.9463029524264881	-0.5277486682805039	0.2863499024296037	0.22545962592917346	0.47162673200013017	-0.46864104137219553	0.7314799174451216	0.26429602565714916
29	-0.7253289841277102	0.1528574731257193	-0.4709296444445421	0.5414512511011529	-0.9664481205772444	-0.5884892206062615	-0.3386907181241636	-0.4227099866063424	0.5668912008988496	-0.4689889471641022	-0.9062254225604109	0.05943988169426806	0.9763789652984847	0.48294830371898634	-0.09516236324567884	-0.4208439271386819	-0.06640060099835998	-0.7470196135657237	0.5033033294208467	-0.4837600515308742	-0.13713751878032276	-0.0379920040376458	0.43507891253414877	-0.3129257112453876	0.8304048781864575
30	0.4618008023258795	-0.3980684812204536	-0.7917709272021345	-0.0711600936825938	0.7686613067589168	-0.14984119014134656	-0.8215178749089003	0.736750864781732	-0.24464714394864995	0.8342627007097188	0.24498896478055832	-0.96316073567559	0.8906602062517928	-0.17951690216760463	-0.10527198132867888	0.39205360430862934	-0.5024096549368888	0.6673119010628674	0.40023677083359455	-0.5923592217557574	0.9953629408290094	0.6048757052427807	0.749045890689255	-0.4519225375461082	-0.10302017872079139
31	0.6323394080599511	0.5991086593360211	0.23135510877319887	0.9533032939301833	0.3622490182352538	-0.6720864689048427	0.5891068870872329	0.7662148559025341	0.9629984270374463	0.5808586622655989	0.7595807892814603	0.43756511901989126	0.48536898420999286	0.37485740053068395	-0.12852033420331077	-0.6227329034515066	0.30635806923246456	0.7760349041372563	0.9802030603779777	-0.7369743511901172	-0.3167228774808615	-0.5542339555210958	-0.8659575064011655	-0.674163448395048	-0.516634581961023
32	-0.06280404694635999	-0.523602910605435	-0.3704713217252489	0.03893283149403137	0.5247748283618838	-0.16890804090608325	-0.18073580015002966	-0.2246918413587229	0.562229559290893	0.5713975244939808	0.9330516470838541	0.7686373920269112	0.8897846799667584	-0.2606364418529259	-0.6980315189173492	0.7128408141021552	0.6493368589560693	-0.6394026461636906	0.30892794251152456	-0.09019698746693061	-0.9833232120262425	-0.30936903580282715	-0.1675307424690764	0.8441371913990117	0.8227434587731244
33	-0.2674617867764868	0.5711873904659126	0.663628837058551	-0.1887137143061881	0.7814779109546865	-0.8739391237025957	-0.5412691265086762	0.36820115008614707	0.9803548295344107	-0.28792229888886234	-0.3807529621580208	-0.04180278848409813	0.9118060639795738	-0.3228029565613615	-0.25639302813970355	0.2173418320495435	-0.8947637648917361	0.6258288085429693	0.5859007799851472	0.6754213132357925	0.0036399106972235806	0.8756503767352439	0.3481074077377948	-0.5800533678653805	-0.5865342301630221
34	0.22072294549852045	0.2597170752328217	-0.33597714634414255	-0.24820728410431725	0.5305087964053035	0.8342118784829391	0.14319238506755583	-0.4913969723352556	-0.4164671455038298	0.45163695326633735	0.5417525955752467	0.2579548553842923	0.716071158882521	0.9887575968873259	0.7369384732293869	0.28036957054002687	-0.6396092471312202	0.10306520755220139	0.5497528404380372	0.39976781489773194	-0.6462949173269643	0.4741598257568065	0.9041157873016246	0.991801492012919	-0.9818495916170613
35	0.8158023378653854	-0.17860364396808426	-0.7135541625221491	-0.5562710607212638	-0.2058040173735982	-0.4847189960967693	-0.9337689441458743	-0.8496951315985051	0.12282140846452116	0.0023214698363853703	0.65250810408593	0.3613809134974826	0.05141576908995704	0.1063985201478701	-0.32434017866365616	0.49152236319488196	-0.7735480476996439	0.5107259995002666	0.5411833561719519	0.13093747861710714	-0.5272606007534586	-0.40108811413852496	0.732085853083321	-0.19513714814731165	0.43053368493817046
36	-0.773017360225799	-0.8709493652849385	0.0920435202613541	-0.8201924112607464	0.2811685486040163	-0.6166522599482442	-0.6942622536978533	-0.00689746889545928	0.9016379260349563	0.04347692687471083	-0.1276826068222232	-0.8193559473149128	-0.40974115673532596	0.6150475596153224	0.7866754457977589	0.6261711165915436	-0.9291424721623056	-0.975583994285727	-0.9197076450357873	0.059194725314487995	0.7333332350894008	-0.9398845929921504	0.10695460644112442	0.3691667201671036	-0.23161957523332233
37	0.2821295968633315	0.632757765331986	0.3393051797761506	-0.3125410285725103	-0.3824219119690613	0.21116877647299237	-0.9374110276649723	-0.17695571411310285	-0.5976059600066612	-0.8694380431615514	-3.0104409159359413E-4	0.6170797785271078	0.9820944313702777	-0.6592166168765563	0.1484495058318902	-0.9690553502294168	0.15075487537387078	0.19693985276263049	-0.8834805781778348	0.24814033981169548	0.6858198035247702	-0.39725104491802976	0.024056694070497597	-0.008709520279176042	-0.9726082365750428
38	-0.8075730152631337	-0.8900021676067231	0.23793831279867939	0.7541618803613879	-0.4407675842604599	-0.3242926603096121	-0.10498174096742563	-0.07584384736845329	0.22042359675577905	0.5718093611430846	-0.9202335593437301	-0.42300904134555806	-0.9974711141482169	-0.1811518038946427	-0.9447721285344637	-0.2646557025493146	0.8374699070302019	0.14968076698284172	-0.4185927675622758	0.09686642948850444	0.5792167099438958	-0.7287302346462499	-0.5314984473993156	0.2737684141064973	0.38229661663876957
39	-0.5341891088445256	0.456542693483039	0.9158429204010949	-0.5723818995970857	0.7858946739962234	-0.8038301423905103	0.3436877265373566	0.3377113639157323	-0.4543324882600912	-0.9318586434899601	-0.577582793396278	0.4926282476884094	-0.9302765571042497	0.8545859758111034	0.32216283114027244	-0.3606144437455696	0.7337227196269276	0.8628858250417288	0.5401802475235806	-0.3180254097473292	0.21549990792108686	-0.9965285714242826	0.10039493886178019	0.34560247198007743	0.5726889575237801
40	-0.464297710069689	-0.8002651023384655	-0.4720303262532748	0.27265882428640964	-0.2786044908705134	-0.26338644260919053	-0.4179699642088315	0.6228188246696664	0.46345563295611547	-0.8645566649157037	0.5188194570160278	-0.8158817755072716	0.15745121769717096	0.6720737994737955	0.17558042702186327	-0.3021693452911307	0.4468715335583511	-0.8914342748780886	-0.23645011648543934	0.8154790774849452	0.3481898568227788	-0.13827280696811295	0.891419104660794	-0.5059771051021491	-0.7002508818298976
41	0.1583532834199537	-0.8453860220274665	0.30319462527506813	0.08887669757766914	-0.32887244837045215	-0.31281415948767743	-0.9108610784359461	-0.6754742082680762	-0.017342371553437985	-0.30775763854777716	0.44827187013964576	0.14813096928115965	0.8911345739803496	-0.10150993868636582	-0.7124542180712778	-0.7867427306842016	-0.9503804869020771	-0.8654008682972398	-0.6179321580383312	-0.38498859374864014	0.7219782062542088	-0.23025686410282242	0.28828892934515893	-0.5869248522116051	-0.45800104038722056
42	0.6378060764542162	0.23074322313313478	-0.33238860602717324	0.07824525868013366	0.24439001251996295	0.6525850562567412	0.49518433509081183	0.735709723526798	0.5498975688931365	0.004935468850205016	0.5522247544836609	-0.933647929832047	0.42860306596665065	0.04731617971087987	0.5664634072206414	0.9141199171622769	0.022768561616915095	-0.5587856868584706	-0.9378544571836132	-0.013935570678968112	0.642499769786395	0.7410872178436922	0.2627295101389653	0.41968238893628285	-0.39382168856877287
43	0.021881932572122453	0.3051643993125206	-0.29237194617487594	-0.5270520079564673	-0.6705905477876444	0.36273121941482533	0.9444561078374114	0.4878720873751283	0.8996803748413067	0.04882320541859575	-0.22392786701360845	-0.25797981278462645	0.6655725167212643	-0.43806880165280404	0.661081955639166	0.5438837178554623	0.9539687477345169	0.43249131794044615	-0.9057520609972802	0.8051595822626045	0.4737671739085034	0.44514148623171446	-0.7042249446313438	-0.13691851740507355	-0.2950675670792213
44	0.33532565090416333	0.5361654140727063	-0.9068788952794749	-0.37897798892291723	0.19707377905284162	-0.2551038703722197	0.9100190876883443	-0.6876125987990549	0.18917688162272506	-0.6578100077538065	-0.6882511753667206	-0.4754844429217735	-0.9101326892487127	-0.6633352823598291	0.9901553768609088	0.3857412827508855	-0.4744956071565807	-0.3523375113850804	-0.7863470586986379	0.670827354562509	0.28665671224853484	0.3395760442664868	-0.818495438073573	0.8316746116914275	0.0453628385226712
45	-0.0034957895609717404	-0.6441510937715662	0.7236897120235517	-0.9997574393135695	-0.1809150489933773	0.3967792695336645	-0.5338959375579833	-0.49847790426279337	-0.8086301901163759	-0.24257952355865964	-0.8031969404975319	-0.4540734360700063	-0.5558813028674237	-0.25991012896996946	0.6169903074283469	0.18178377340022456	0.331910733315693	-0.12872974185515007	0.16827718362072774	-0.6724251770516876	0.3449812810113264	0.8222613345482612	0.444553460990345	0.2825563830182187	-0.6072886452980981
46	0.7840191921582977	-0.9867389279054661	-0.7040291361980566	0.6242120285346164	0.19883131946508215	0.2054578002876033	0.9617518206164797	-0.8075395754598265	-0.9418817718287364	-0.3686763118981269	0.9185210026831674	-0.3780390651977783	0.5947907970409867	0.1875291303799953	0.36006575680723696	0.10592056261548577	0.1302343396200496	-0.8548519082690595	0.19937518115015584	-0.4625575222045255	0.08013117070985798	0.5415666183910224	0.3797040625878272	-0.6297420955278508	-0.3200266337371376
47	-0.45289824957825586	-0.21097498456246622	-0.4919681047950937	0.8602586880892475	-0.2631881172136632	0.5096183893834947	-0.6627053254035051	-0.11699758259924531	0.2702451725075292	0.7224421224785886	-0.25243517641508495	-0.1546599861280895	-0.1333620177611441	-0.5136874906184314	-0.47675274186177496	-0.03736596029983463	0.16034160145969567	-0.17518133976329264	-0.15459596232042716	-0.3373589181272427	0.5310203301536918	0.07928314561922689	-0.19248824559718813	0.9539349272676003	-0.1745699311443747
48	-0.6760267507105826	-0.1721650509482897	-0.7240788864626171	-0.47764744814665727	0.7901562869239862	0.6320603141000984	-0.9055785177595834	-0.16047535201878227	-0.291515712231579	-0.91664709849519	-0.124054842017286	-0.9588303169746029	0.7545831791051243	0.5530099604594245	0.7554048396314836	0.7770018335585238	-0.6293867843486096	0.7534046227844244	0.2061773836026397	0.6683407280553972	0.6359566447684675	-0.004072937914021413	0.32804770939516525	-0.4457606485537273	-0.9269195293341912
49	-0.30985400911985805	-0.01228284989417916	0.8202937070040175	0.8000120572631986	0.5664294407907629	0.97819569415588	-0.9449319593183838	-0.2212435615191113	0.5827792045717088	0.6075410893963462	0.9138354929732575	0.5593741426737588	-0.2323510604578356	0.6840455398748126	0.5165998285888249	0.8823299159304312	-0.6459684983608223	0.7341133284725545	0.9671285702430124	0.7771124899528696	-0.5238831936994512	0.4707127543786147	0.6519944397010626	0.3830165836577537	-0.5716623945901482
50	-0.975574034832394	-0.13661219531573887	0.6183687461492431	-0.9723655046335453	0.255761244740766	-0.013273317970764698	-0.9626299483709637	0.9732896076838207	0.5865333455174311	0.003859371731396166	-0.2608827109587539	0.2646920482887045	0.21975715511969063	-0.6150825866399614	-0.9687420111926281	-0.2840852151203528	0.36164149362042153	0.5766443820769716	-0.29887786938733174	0.39699738611991253	0.11590986896868571	0.2422905526578456	0.21006579612574128	0.43534623263373007	-0.9101840403475698
51	0.16792954408648875	0.9021529612689461	-0.9733222339051273	-0.5671378066910138	0.32231836008404424	-0.5938098298615695	0.7334467113867758	0.023370226662984495	-0.05781195615357149	-0.1894777611361922	0.18971716665297778	-0.17530726631549687	-0.2878820383439238	0.9028853592158153	-0.815050589000831	-0.9480026691313266	-0.8820879271276871	-0.20699396128040726	0.7651911966068661	-0.27780762681856785	-0.12533894106227494	0.5735244447608652	0.4686780087831157	-0.5962928808083245	0.9654405271167179
52	-0.674788790538855	-0.8961375867900689	-0.46052221037453456	-0.7261401257112889	0.7353379575739818	0.5814078961505222	0.5856318136605485	0.05344370963536904	-0.1265485534615962	0.2276986135003709	0.39000462469437736	-0.4509085938244093	-0.7433069887892951	-0.26406805335772243	-0.27123812571242767	-0.029372169605656362	0.2371946643448175	0.451876283319838	-0.27395784872604834	0.7157226725429873	0.9569744130927125	-0.9551074931771855	6.753515804112098E-4	-0.7507783130805259	0.6411438168707095
53	0.7808322005180348	-0.18432745546666252	0.36819953828779584	-0.16186890087057204	-0.40805715130483455	-0.7496769667732335	-0.2831919042464368	0.3660144567695516	0.9299247955960372	-0.5286227263999406	0.3622614323063569	-0.8130498278254816	0.9917998992308323	0.5489312201041225	0.0030626223352721027	-0.7929291301481094	0.32426932428213084	-0.055727487683290944	0.9528445650584008	-0.9128792573148103	-0.9592487080454009	0.7910855835426667	-0.5720381634614098	-0.4505165658650483	0.9263073079035293
54	0.39805675651179806	0.8642361458328578	-0.6198492987252475	0.5591788989053099	0.020058222115548308	-0.0019758369726134983	0.349569800421887	-0.7563253314232037	0.8767327697842195	0.26904186793262563	0.614197891369459	0.027661485581385925	0.6414400436812113	0.7371448831116967	0.8109826478468174	-0.6310702249604474	-0.8198335657138156	0.15252989112028748	0.019879571619312975	-0.8817809504765344	0.18914167873673327	-0.9214109721874959	0.04490570238880509	-0.5972955298593741	0.5615449414284703
55	0.038912650768717416	0.05212135315178612	0.7222612616255137	-0.1921752621174786	0.5447035251065686	-0.4966785278545147	0.11184038359599469	-0.3392029668967016	0.5561300955875972	-0.46289105002482067	-0.42319777189991936	-0.8841733954438653	0.4409117599127763	-0.5255872997061286	-0.8259266522920643	0.5880376836451879	-0.184303765287255	-0.036595223013246025	0.09050481175292346	0.6126403523181656	-0.20944730044689197	-0.5708401578603441	0.8608276981140912	-0.4289006182178543	-0.9158283129415541
56	-0.04370757903202094	0.47111611954506016	-0.7049865006114053	0.23712754953460546	0.5081976549672877	-0.49031611178852597	-0.9187866584293067	-0.2771752455303822	-0.5255892342977138	0.7558574099986315	-0.3542731232078373	-0.8594841311319903	0.9379929835747294	-0.36191875597439593	0.8509020714101889	-0.12795666095502778	-0.23225921830348573	0.8463305489652797	0.6591168012705337	0.5937240352636513	-0.334593810544757	0.04981846860593753	-0.3018532059572767	-0.1429395801169011	-0.36399247839934357
57	-0.8504967906690228	0.06740321512778613	0.5867282725423266	-3.009633329922323E-4	-0.21408527890442475	0.5708916085700397	-0.20844433705762677	-0.973440398349807	0.9263363587863291	-0.5681145208502787	-0.9560247948924558	-0.44894868155985357	0.27139350702738496	-0.2740530513793953	-0.644304880692603	-0.4892116325010858	-0.05038488635081162	0.26306930032739606	-0.03789807170054127	-0.7453512753624263	0.5095516238492384	-0.5436448335285649	0.2251723455120891	-0.3218497980417443	-0.4274533630209383
58	-0.16621356417811883	-0.6255618130521496	0.7694045768459552	0.675276515817582	0.2812805141357446	0.1278126776947206	-0.013146765762111823	-0.19031278304741006	-0.15062950901211747	-0.6311463208754173	0.04037779710274125	-0.041026626708782654	-0.9875142597265953	0.004303590903660615	0.11027219132565147	-0.4682395993009265	-0.3610496216125798	0.885512138639746	-0.6860502778656028	-0.9873344757204003	-0.38854145748923674	0.24961357568369857	0.3181529044213147	-0.6240699966034535	0.03192485991932781
59	0.521095436799339	0.39482196519902346	-0.15017002518182765	0.2512497214977869	0.5116619417210708	0.9316693318937406	-0.5269110411434677	0.5836799923155112	-0.9339401214906695	0.4338985781584219	0.5505308562635074	0.4970854269228784	0.023802084985185656	0.3913959378792824	0.5937278462991471	-0.6853875638062688	0.0014870540754508	0.03611401551822202	0.6234131874237301	-0.9801828551461589	-0.052319118535085085	0.97725725981087	-0.1860553593080272	0.6265207618422326	0.6820920923358051
60	-0.02272998104932733	-0.6238804244934548	0.7562701327941295	-0.29696386701016464	-0.2804822128823248	0.3031588508021099	-0.43957248178911024	-0.5680483980301476	-0.681056077583486	0.14569212968989764	0.9305544733634963	-0.2390042733879112	0.5398740886929418	-0.6649079159268496	-0.9401056080007129	0.27951374428949016	0.21053073644131537	-0.2594776247896451	-0.14959978704860188	-0.12256059514087614	0.161712415677999	-0.8764223786688023	-0.5961068809917243	-0.4415468137082148	-0.8325188012616929
61	0.9454113672684368	0.8925795790605353	0.2429871808620161	0.828593374433334	-0.41523805059749597	-0.5267055104534137	-0.8990667866336808	-0.8852009114937531	0.441302926756435	0.5914783536364938	-0.47382406358043916	-0.629973118656413	0.627260015082987	0.015037975948587468	-0.7501625624876964	0.984859559460675	0.9912517649742676	0.24487953021132203	0.28638705981110224	0.653599635077267	0.0718273124549702	-0.43195521406923176	-0.5834660085939611	0.15861117797949276	-0.7558100591204422
62	0.9510210490349429	0.7330875405868009	-0.03748235260419297	-0.19788909028188528	0.21493616948845706	0.4107341822378794	-0.46077555039866636	-0.9919466266660026	0.4909907529233948	0.3079470354215996	-0.6623737679544766	-0.7519577257898513	0.8236202449963523	-0.7309914000325937	-0.45275076286439475	0.343831330351539	0.9705203132943219	-0.933606603232606	-0.5770298432601264	-0.1965659833144784	-0.05719078308213699	-0.1914772119735817	-0.17365705534816067	-0.6678987712419089	0.6352416714500562
63	-0.6648306576975609	0.853956074643516	0.27934336882410693	-0.9844700025329107	0.6325551879963822	-0.05136689259640059	-0.1363887360630951	-0.22653265775263765	0.6224522651741811	-0.2728195976984402	-0.005235380653792143	-0.9253095824471678	0.8143600176329175	0.9087759490302063	-0.694526513808609	-0.8794420088962667	-0.7428995856224918	0.19098435809416014	0.606213278002506	0.5847633985985277	-0.014063204613844249	-0.30422639268162666	0.3945295304751688	-0.3210608469800462	0.7335872217471964
64	-0.3042007463459646	0.2777643567279846	0.5936521795383267	0.05827043738824944	-0.2683868455110654	0.20945201835243998	-0.6321698381578909	-0.7608131888085599	0.943344184460742	0.29310707529246205	-0.14120175957367853	0.2996027310860414	0.46578866787812423	-0.4268565633928638	0.41674732235553025	-0.6600271608257191	-0.9262609518634932	0.7111789022774149	-0.8884046105118366	-0.001700814004027107	-0.085229584248254	0.7369955858697368	-0.08315615790910891	-0.697806491641275	-0.8704053954762196
65	0.1669410449966302	0.12417152094162964	-0.5631272636885041	0.43548204159266035	-0.30142795556985824	0.4441495538127427	0.025584858714881253	-0.6638569425877281	-0.5811420137340235	-0.2573985342881058	0.4037272676599468	0.5218496476871541	0.004275503809114012	0.16877230482077543	0.06518510349910267	0.23647091669911502	0.7446438521920926	-0.44938724470755287	-0.030816469476090402	-0.08651566809712508	-0.6114365803655257	0.36412367150506175	-0.28178748326018566	0.220917009902319	-0.2131622828530373
66	0.3278470801274891	-0.24765055595144592	-0.19443891989390383	-0.898726299715884	0.7302317842564017	-0.3474308819046259	0.48969789354946824	0.9497704959877229	0.9667399035166724	-0.5946020363024167	0.4489566260934379	0.27462359371996037	-0.5547963619490377	0.05353315345796217	0.9878234588560204	-0.05051406797997626	0.012080908109889155	-0.4581854686195648	0.9297081831080101	0.18144348007375433	-0.6411009371372742	0.7652020360235627	-0.6486349134767009	-0.3818216245322239	0.48731742306859327
67	-0.16482338903887706	0.41685659758825966	-0.2637911652830376	0.24287910175196536	-0.596750642850358	-0.5958614956794062	-0.4352906009883919	-0.8283365059398049	0.5150282665445098	0.6677350692602646	0.09043253131165252	-0.48930829905983786	0.9155575572147818	0.24386481986855424	0.7927662282809227	-0.007922674692699028	-0.013588354299523875	0.07976718193685417	0.6739798108014705	0.3225563123301707	0.567288927028712	-0.5431290862871809	0.878224078565367	-0.3058308848915938	-0.200381451460812
68	0.07783617889584238	-0.46613121380581957	0.4885106853110772	0.8269578860126767	0.5003928290178319	-0.19272472867752422	0.45610232697619946	0.6967237510828321	-0.8737123374211746	-0.6778814144225536	0.08408220826577772	-0.8699332840397447	0.7915440731266861	-0.9231125547352832	0.6095503731066023	-0.03853654243787652	0.15462897868617898	0.7842082565390747	0.19254563120808443	-0.003133033558328391	-0.45798879928174596	-0.8408469349495511	-0.8682283221811038	0.7990208928096514	-0.314012818712357
69	0.09970795328810245	-0.31216905442229836	-0.5191902909604831	0.8775400094177486	0.9310936301467838	0.07286523179051141	0.9722814408029019	-0.5426115633072239	0.9266459915839533	-0.5278575967463088	0.42424645414756634	0.28127365960953044	-0.8285202710935795	-0.4177305591859424	0.42112016009288	-0.17907898397958966	0.5011733672758492	0.0823526743321863	-0.5020561073805483	0.9000062430234088	0.726230861967087	0.6985666034175879	0.09128406727001348	0.714844719310225	-0.35591098936468746
70	-0.9207666507536076	-0.4990257687046127	0.7524137823954962	0.4439566419516494	-0.4333445514533538	0.699431587069584	0.4937090748306643	-0.9742126426172091	-0.8664148559752984	0.8975442399902314	0.37832512879242364	0.483201728955603	-0.7536455896242025	0.6608916049718525	-0.5934572161027059	0.5411920003295525	0.22332995303811565	-0.9326746696859605	0.9680954988591981	-0.9070420583571688	-0.2235017050343917	0.9067049828351232	-0.9878229322197998	-0.8537636084117193	-0.14437262212409596
71	0.24584678553059236	-0.4888547473100422	-0.5319947671159104	-0.3414098931380545	0.8165106306901999	-0.6792350153168272	-0.9925444172090687	-0.2719220189911771	-0.3684845994017847	0.002725864820364743	-0.21935596901404897	0.42407150991742415	-0.006161138875964589	-0.049439956074459834	0.31625028619166473	-0.25692373459215134	-0.36417672093066367	0.2479761211745639	-0.009617770131086001	0.44927367553071273	-0.8896255378922688	0.08901569357106576	-0.3806132774472222	0.7893752264463993	0.7533067032663934
72	0.3023307775875139	-0.46686193735629233	0.6821115008452072	-0.45424794921608624	0.5472686957103956	-0.9827059993725578	0.20492555175980942	0.027818524765117703	-0.9126555107818044	0.491522812496753	-0.555416736972832	0.04944603976052098	-0.3029310955853788	0.08172203220117935	0.3350516283144076	0.5916764700621575	0.2209928441431559	-0.6522354791719966	-0.024861382340978455	-0.8486821470681722	-0.42078223978813045	0.8443222490465172	-0.8999729401690613	0.25424994256852074	0.6015138915911795
73	0.9208362144184514	0.8749772308853438	0.5473830651004499	0.9725779117963576	0.7077134850028299	-0.013888012074869893	-0.38345206067677884	-0.2161481360019104	0.5893505715297485	0.12234037220193827	-0.8126395383287717	0.7127170983856865	0.6305961687043184	-0.6258852140003086	0.6883699930163523	0.6877662300227367	-0.5982164496645805	-0.1811413931082888	0.2905660652197619	-0.9507522651396589	0.4384763706042607	-0.3804589698018441	-0.5154161843015852	0.6766679416159487	-0.8244101020360788
74	-0.6679828449614587	0.016714229514616763	-0.6690743539744548	-0.3884370756756985	0.7983912882747324	0.5770906457942924	0.5462460271846574	-0.8132273685806457	0.9978023392449056	-0.9818114055237614	0.8075700328793787	0.4014000153430981	0.532671331045153	0.07904216851379875	-0.5380532633303137	0.5514689169217533	-0.9524092971143805	0.6003451069597319	-0.16213288115049673	0.6277973692683196	-0.19032352881454728	0.03787065202711637	0.3843672729923273	0.9011155863221803	0.9233445339478406
75	-0.2835899352427018	-0.7078796513560541	0.007621013851609071	-0.790886827892324	-0.2863050076946796	-0.978372298503823	0.45275553994281315	0.6451747057374382	-0.4764651328331424	0.4390089469283547	0.36700664268237415	0.45211934855738134	-0.28033457341860246	-0.1522175391082472	-0.9239511145551431	0.39533482282161936	0.7265711596795461	0.10541817141117615	0.5885586888304675	0.6862474404350918	-0.49919094301101574	-0.7736655436172448	0.4585503451965396	0.9827082540401666	-0.5638724654080316
76	0.39840308245032796	-0.3549030573414742	-0.5795285122285294	-0.8720610109622748	0.1779145144871579	-0.029184186831462178	0.35185077435647716	-0.23252845039829229	0.7783489998500419	-0.4284864908503552	0.5242808131434085	0.8831893605929202	-0.16881217577367136	-0.6670994077931041	-0.19934842542750597	-0.09316149068596924	0.7723900070254561	0.7263029969536057	0.20492384914078943	0.6137388723032691	-0.9039490362407734	-0.316188418236824	0.07067480933575188	0.8717103097822976	0.11714955237214042
77	0.19432749770094482	0.3768632121538411	-0.6697148005474887	0.5981811520360378	-0.8445237401437171	-0.025755632043175103	-0.3083737768563142	-0.3801355962899915	0.6823798885380215	-0.6624943654033628	0.026833179300827403	-0.5859993758062745	-0.4472093451600978	0.7223341129712035	-0.7639112712423581	0.5269548582493826	-0.24089267064324327	0.16326831877266312	-0.8016414570558021	-0.35488146977293145	-0.7586910429651048	-0.3826734161117258	-0.5838737767948106	0.689104058372918	-0.20914248090328158
78	-0.2599545711938638	-0.9670895417133907	0.37131291293096313	-0.15586295969360453	-0.7252977826536673	0.9860757006553453	0.3119082278963847	-0.5749896574475495	-0.15786414828868556	0.7547149362753716	-0.9788848204512772	0.8495930353832717	-0.962278321215049	-0.32785239151420154	0.581160992026396	-0.027642572639764662	0.17369557149446235	0.09484175604682288	0.6990595486163407	0.7311964948428018	-0.2508360321987597	0.8543354183211449	0.9518336701838899	0.5400921978937057	-0.21322291623827394
79	0.36599718465010533	0.508660348373452	-0.31845042531971224	-0.45581745042537825	-0.4717677485137193	-0.6101851609780975	0.26697227519023814	-0.20998183345253563	-0.8819945996839686	0.41017888827173676	-0.4383280935030971	0.8283423682417423	0.7733177397881768	0.3554706524750888	0.5122179272246383	0.7620423901328075	0.8505409098398802	0.6522430928758847	-0.8326475190826246	-0.8951002885159163	0.4542763728388739	-0.1819107689293118	0.349707688495148	0.7836342627142738	0.7596741984928934
80	0.3163824094494081	-0.5859195304094573	0.815388124936612	0.38191124298981727	-0.9097285730977414	-0.7809651318605548	0.5027513201864116	0.9947935139789177	0.01353982251475605	-0.4578826323887817	-0.14242787783740396	0.6602145135961763	-0.22866984109121313	-0.9150134129136864	0.14643523733442998	-0.5975348430385856	0.2716242466392349	-0.05672611126630733	0.944831784494814	0.44615814915223684	0.5887611464011382	0.9570082736991041	-0.1063145541074797	-0.7662053120610357	-0.3468347947580075
81	-0.2890472713833929	0.47104045842427467	0.8487662479176774	-0.5731526900157389	-0.8797838326124992	-0.4766433635907421	0.7918516167095828	-0.8578672462508066	-0.4849790884084213	0.044998182900673145	0.1940326198839406	0.3314598913345288	0.9295197314635888	-0.24885650473466914	0.4957200885101014	-0.1610151321829807	0.9030737153638377	0.35848309892919317	0.38224523382257547	-0.2198824075948469	0.5184173740849276	0.169714664732598	-0.6622619414348716	-0.49699520698637145	-0.37034770528700367
82	-0.44801636225935026	-0.43571934527587963	-0.9936322161031454	-0.7259726065382113	-0.7939410951093069	-0.7895126649786111	-0.01900893158196948	-0.8850214963805061	0.7421740826462879	0.863430646712366	-0.33244890153211526	0.42991660739810156	0.01010516216811097	0.08009723532169977	0.061362497009586514	0.6347683067279455	-0.12480466772124177	-0.6306767568212956	0.6450122515265277	-0.37171053748822014	0.688680134271606	-0.5175757193021364	0.7927406411956441	-0.6573129737468095	-0.43019569030322957
83	0.1305014874015209	0.26581996970210264	-0.196899812487896	-0.20113515744425858	0.31867000328448447	0.8060724292754031	-0.2729912757888986	-0.885546497671762	0.372221534447732	0.7350579012621159	-0.7643502124979746	0.5148133098580983	-0.5729998601008259	-0.32064468292293213	0.603042116713769	-0.7176355502415537	-0.333966905895996	0.06774943327506944	0.13423135265390362	-0.6179045043980822	-0.09327275771232979	-0.11597263295103555	0.24288548412388988	-0.8713440658188429	0.2777047251986231
84	-0.6905211290681403	-0.41061429825603635	0.07362736267426562	0.671618919896892	0.35208497216374424	0.7440734357439693	0.43359109285053776	0.4200561116953634	-0.6652287369246579	-0.7436704923093671	-0.9387498466243145	-0.7911050480314921	-0.7970093981824891	-0.7613224094961788	-0.04399506249127927	-0.3627396475390374	0.01229364227538099	0.6161191623784252	0.617021734048272	0.020475261498625663	-0.3305669860390712	0.04442374919990444	0.1609748162956708	0.04717820137246309	-0.9740599321929113
85	-0.8328877850118495	-0.9417178100137455	-0.27695883170768787	-0.23899737643146346	0.3593885883254635	-0.4142029832502958	-0.33171281464210844	0.14086265872428672	-0.6017105525999822	0.6505565451371862	0.28347300144332155	0.7048442779682305	0.6018374824695327	0.5083310768298541	0.5577679989725364	-0.7964881154455972	0.8959995251985373	0.0823566540873808	0.3662257583108408	-0.2976497665547364	0.9967667684458306	0.08177495786494804	0.9873104921566889	0.6647477792661949	0.43568909413069923
86	0.9259452749501353	-0.7307938861589534	-0.9590444014561084	0.5107123114493499	-0.4000665340755447	-0.6167981267054792	-0.08491481787625621	-0.5898190987037375	-0.0018757634600612416	0.4247126610203822	0.10009860634733658	0.7363874926865728	-0.9429578036525399	0.25725987635364045	-0.7788649861951868	0.4460619615554424	0.035109902166294615	-0.05799777562765307	-0.7095911992769381	-0.1712874169147589	0.6662095816399141	0.8551728734750714	-0.4476954129111126	-0.44025530884045905	-0.4044423502847365
87	0.1680446190230307	-0.5348149035173206	0.09379833940755211	-0.4994600119712256	-0.2511902437010023	-0.9131809053965605	0.7047636996420599	-0.39420135514183796	0.7430283843227972	0.8432262172981977	-0.6675540189121925	-0.07900070650622393	-0.900937672644756	-0.31387306979296614	0.06186983577249472	0.4613506419566813	0.12718017747373467	-0.017923619705239258	0.5397266076357978	0.9550869505478827	0.8157819668213879	-0.8732488495894177	-0.07651482301184931	0.09876610440502454	-0.9245402845996502
88	-0.15925143275118514	-0.9377981277997542	0.2903754748488492	-0.6586260432725977	-0.6213500738695383	0.524080453798049	-0.04812066572515561	0.03669368047001442	0.47098752115495746	0.8143491648486876	-0.9530188606044798	0.2846112130085716	-0.28085175352867675	0.6680379578243347	0.20651591790474044	0.9537102845855541	0.3761355680496208	-0.34424713216162495	-0.0069725438587711075	0.6312304349565387	-0.028496826510661988	0.5065625425623428	0.26772622200357676	0.4410373559135172	-0.9233364630346999
89	0.5306252791612811	0.3671645244233488	0.7578728844062315	-0.3428340621861663	0.3152024989260318	0.8536059935896478	-0.1832734780609726	-0.07857115027664574	-0.5287814270773004	0.9722066476052209	0.9759324912841401	-0.649198032915993	-0.3764563253808346	0.6297664688871996	-0.035134138627560985	0.683723962409921	0.06669134813304067	-0.2960498500598958	-0.1681265468477946	-0.9728668645435303	-0.45136124649060183	0.7985161355315022	-0.49465668452336775	-0.018822605844249773	0.49899162621062576
90	0.17923497224510054	-0.10941954249353025	0.6886631026228915	-0.3162655170996389	-0.4431829550576951	-0.7525761875145425	0.05856943727972741	-0.25268135821896975	0.6273114866563863	-0.7716967972735718	-0.9366506101564283	-0.60614068377813	0.8370781619435705	0.4037023211763595	0.9726257529923703	0.06272679208806098	0.7085756173153819	-0.6382415790599623	0.6612838213954177	-0.1301665009258739	0.24484791833242836	0.5409952657270478	-0.28214915758905823	-0.6855668491712446	0.4247347056349893
91	0.8399516002409646	-0.020555214774931274	-0.20773487587152029	-0.39253122960037756	-0.2552669903424374	0.33246419475110933	-0.690608043569021	-0.21553367217297947	0.2252807303545188	0.1435827176882294	-0.04290639832465848	0.047756150621814264	-0.026584084506589667	-0.4764987634427529	0.6866981213359356	0.3886331440898776	0.6904851185550385	-0.22369765932824892	0.7142436093858109	-0.0032354907801104282	-0.9203039229964902	0.850142017946758	-0.5116178856782785	0.5991152867830305	0.9580010187858936
92	0.3804034285085587	0.5709518472461206	-0.9402977155393388	-0.5253520689968041	-0.9956701359613567	-0.9918407391919559	0.4553243057605101	-0.1917124172791358	-0.9734571567795833	0.8113292290977898	-0.850940474423757	-0.08821055675532663	0.2277427338265996	-0.9803045295484789	-0.9975407307808706	-0.1163159140434813	-0.36571932651892247	-0.516279058949286	0.7990091876146206	-0.6325829395159952	-0.5958207684551904	0.9859520346403321	-0.8044305296326779	-0.9856369741408806	0.6355721876546847
93	0.607426715080021	-0.924854133200826	0.49381655538069635	0.8664224151180597	0.3511722631568608	0.043484561787734854	-0.20706044748264318	-0.690231042157387	0.9503440013936626	-0.006376363539385421	0.6219123751736872	0.4566438980873089	-0.48292818714444574	0.15667574823559072	0.6243010395628974	-0.4208087919796737	-0.7709033289963667	0.8637559623575457	0.7899177250979279	0.8794098249804252	-0.39520394123007585	-0.6368898736553332	-0.022781238672670456	0.5543337150173142	-0.9167887384644691
94	0.4681399981990382	-0.22545148097400536	0.8863526023271997	-0.39579368420756533	-0.4438394050111558	0.0643044251150442	-0.38223177560747845	-0.3250961999592956	-0.5056321323435946	0.6013631153745453	-0.668430377438352	0.012057590788945305	0.43863373769545655	0.6768737187757325	0.3358046950571678	0.2660394095607974	0.1323869803578246	-0.4892096699898707	-0.3631876585299314	0.5606307014715792	0.32697886081762206	0.40127978626881067	-0.013026365657204275	-0.37617263932009326	0.2515729567284688
95	-0.14359105940481998	0.7055277957940533	0.13838077133942805	0.6797397692979139	0.9432787765022899	-0.003607611290588064	-0.3931863294939706	0.07157621079199528	-0.08795991367606337	0.8248151020830576	-0.49583498848322805	-0.48568767037989646	0.7869902142256329	-0.9349224823188933	0.7827345212646328	-0.258993861674915	0.06421603080886507	-0.4056403358443461	-0.10338818630061164	-0.6239295700385401	0.9150145915788515	-0.7167336304762448	0.42979204960305495	0.7380140339866852	-0.6334127267873917
96	-0.5785929210788872	-0.8598056816416368	0.023921941729696083	-0.18372941364931838	0.01680940510690121	-0.22708408710098094	0.5068384910985526	-0.06716943358479366	0.6208402278796561	-0.6504297709077564	0.496358857118975	-0.4918852921205592	0.8556967013888139	-0.19342768221757867	0.2443750186463618	0.144620617073157	0.6594205456752276	0.8337510819804279	-0.27793794052034326	0.7993054935273429	-0.5862194465041577	-0.4443162467490971	0.2508323923815927	0.15122756442406238	0.5832574745597645
97	-0.6983373038748546	-0.6608749647533583	0.5203748629467799	0.26875711509674427	-0.8737787224988605	-0.24146125880783442	-0.36269700220772894	0.16756782629971778	-0.029339762247658552	0.8869577143779002	-0.05203048697143453	-0.1685310486603715	0.3970324965482268	0.6529592746744304	0.33541701198060947	-0.17221247443580223	0.6795593707390835	0.034933898681848374	0.14972426039607378	0.43359163776728216	0.7044668900400046	0.9999885487663454	0.25990859856762105	-0.16890157509902748	0.6077467918273471
98	-0.9881559240672291	0.47623013982946283	-0.57723337779477	-0.6286379455276285	0.7935797267174214	-0.8613878445825336	-0.15256717074753023	-0.2980674974396893	0.9002164086007003	0.9266598360361717	-0.44575718751395565	-0.5680476148980214	0.8377729722960434	-0.9809775130722922	0.3790178985773651	0.41210576019534995	-0.040431425736543014	-0.3853871153771531	-0.5319105502690409	-0.5957366951736394	0.17718619246896483	0.5254605557814924	0.10752258143107163	-0.16174206120162848	0.6426525759750139
99	-0.9392571528441414	-0.45895704643027524	0.4615533510894374	-0.00997025508705196	-0.2561970303230352	-0.3021302303886475	0.8894346153027042	0.4687553635706574	-0.46127058229379214	0.9020496582698265	0.8543664095185728	0.3577082828898617	-0.7896626107053843	-0.9022243140275581	-0.44332124426848063	0.4181174586889158	0.2011578296787524	-0.09943220329174451	-0.06524289429429397	0.8250720830021043	0.9813062002254704	-0.12792028294546132	-0.09857150644126267	-0.9884675904104316	-0.7881323290446312
